index,0,1,2
26457,0.07150092915471881,0.11971624763766069,0.8087828232076206
26458,0.21514942095133946,0.21752825321799707,0.5673223258306636
26459,0.04484623280711091,0.08549111212941284,0.8696626550634763
26460,0.11549618466112847,0.1264542313022165,0.758049584036655
26461,0.07563997770821768,0.1898995584029861,0.7344604638887963
26462,0.044903618330009346,0.09834949855235876,0.8567468831176319
26463,0.5220754897769369,0.4138982553078414,0.06402625491522167
26464,0.07688436640775498,0.08123381626356248,0.8418818173286824
26465,0.03558822577280276,0.11483917610676136,0.8495725981204361
26466,0.050373225604609634,0.3191841403824574,0.630442634012933
26467,0.09966627023522912,0.2187545644547658,0.6815791653100051
26468,0.0349656220224843,0.07730363791794781,0.8877307400595678
26469,0.5376348388763919,0.12388843196507937,0.3384767291585287
26470,0.07516223093809046,0.20987241804116266,0.714965351020747
26471,0.08745846235915773,0.2079333935713743,0.7046081440694679
26472,0.10976539171135498,0.23243029610902796,0.6578043121796171
26473,0.045210305214168064,0.08342860302564464,0.8713610917601872
26474,0.30472246802151187,0.6434728171607694,0.05180471481771872
26475,0.30036199440622846,0.25245828335780707,0.4471797222359646
26476,0.038000709954984814,0.13734888359915012,0.824650406445865
26477,0.15310197111618956,0.16076430057143012,0.6861337283123802
26478,0.06518238389664728,0.08394925019021882,0.8508683659131339
26479,0.044493553428793534,0.1472926168506197,0.8082138297205868
26480,0.05332861859029387,0.11057657363980465,0.8360948077699014
26481,0.043518112118278975,0.3902438078362777,0.5662380800454433
26482,0.13781723419017095,0.09428454683368412,0.767898218976145
26483,0.038414309151081905,0.15210858836927948,0.8094771024796387
26484,0.12360120555292456,0.2700447525127694,0.6063540419343061
26485,0.04177802360004642,0.06050076552888919,0.8977212108710644
26486,0.12491295158397515,0.24959651981427716,0.6254905286017477
26487,0.08081378379423908,0.12173152063517152,0.7974546955705893
26488,0.21046208327875737,0.6933224255386092,0.09621549118263341
26489,0.0608978478175055,0.33822083008868503,0.6008813220938093
26490,0.08177750294283496,0.34502695615088647,0.5731955409062786
26491,0.06443469426129451,0.10149538168297383,0.8340699240557318
26492,0.03279337844822848,0.29987066903168175,0.6673359525200898
26493,0.2931721005654,0.6847067000027769,0.022121199431823134
26494,0.07299671071686717,0.12827529307168276,0.7987279962114501
26495,0.047707627239641295,0.07869460005949042,0.8735977727008685
26496,0.1338449693032345,0.18872447039326803,0.6774305603034974
26497,0.07766950088029966,0.710420029195595,0.21191046992410545
26498,0.1872754135760288,0.4003747193598677,0.41234986706410354
26499,0.04498153232817676,0.1573209783986432,0.7976974892731802
26500,0.09014812362189491,0.3862676327825002,0.523584243595605
26501,0.09406096991655676,0.13871143502845323,0.76722759505499
26502,0.028545870603853534,0.03843402454858255,0.9330201048475639
26503,0.09540830359240479,0.40924347525529553,0.4953482211522996
26504,0.06830051303557486,0.21073770416217735,0.7209617828022479
26505,0.05148957646426552,0.08581258905724277,0.8626978344784918
26506,0.06537115975582207,0.8380379516249622,0.09659088861921561
26507,0.11177220170217968,0.8219163807285236,0.06631141756929682
26508,0.10605018044304987,0.34981472258462687,0.5441350969723233
26509,0.05161641203821556,0.10136943482158056,0.847014153140204
26510,0.04612390326307894,0.20976080266037095,0.7441152940765501
26511,0.04620989934678265,0.06910338885215624,0.8846867118010611
26512,0.06608097943384082,0.18673264281655616,0.7471863777496031
26513,0.09937152835214454,0.15268824267572412,0.7479402289721314
26514,0.05866884887680402,0.08254202414733676,0.8587891269758592
26515,0.42908518521186984,0.06110947833741282,0.5098053364507174
26516,0.05658496174207243,0.31925935496840746,0.62415568328952
26517,0.14246072405796142,0.7994437215284839,0.05809555441355469
26518,0.06746170154978175,0.14002717717723054,0.792511121272988
26519,0.4356788310866896,0.14507017546228967,0.41925099345102074
26520,0.026305815917385456,0.7838078816206382,0.1898863024619764
26521,0.055907209370829256,0.15640117009709667,0.7876916205320742
26522,0.13277640726655232,0.1541652852397427,0.7130583074937049
26523,0.09129762218985252,0.21151740415359507,0.6971849736565525
26524,0.07256749077913004,0.30686793880514807,0.6205645704157219
26525,0.16241308433327564,0.19330021623120847,0.644286699435516
26526,0.036517738396184225,0.06880772708238655,0.8946745345214292
26527,0.13334557244903975,0.29161962502168326,0.5750348025292769
26528,0.12336937620341693,0.826482705294206,0.05014791850237724
26529,0.1716925218184898,0.10820120591915691,0.7201062722623534
26530,0.06054435431580207,0.1934266368144218,0.746029008869776
26531,0.03861763071969429,0.14429811539795662,0.8170842538823492
26532,0.30920002429511256,0.11002137158469341,0.580778604120194
26533,0.05097710763974744,0.10594536259598811,0.8430775297642644
26534,0.03998950803315974,0.04302558014724056,0.9169849118195997
26535,0.03993838678141133,0.09449828582728174,0.8655633273913069
26536,0.11381520433624936,0.1603691296545575,0.7258156660091932
26537,0.048013373338704465,0.056464379609005355,0.8955222470522903
26538,0.03701419595104643,0.32750585408245453,0.635479949966499
26539,0.06868913704529248,0.14526435713450114,0.7860465058202062
26540,0.19017248524442168,0.45497265072047577,0.3548548640351026
26541,0.05652433878329966,0.1468893636855836,0.7965862975311168
26542,0.06216291106112718,0.13309903157939765,0.8047380573594751
26543,0.12464396695165983,0.07990606700585781,0.7954499660424825
26544,0.11149604694741272,0.09441642903500592,0.7940875240175813
26545,0.17863580043485475,0.29786639055832653,0.5234978090068186
26546,0.06008615535920272,0.1770377937371127,0.7628760509036845
26547,0.02762912566609444,0.05395539676327957,0.9184154775706259
26548,0.05671214362260032,0.09203456610736165,0.8512532902700379
26549,0.19273186663962347,0.7427339172726655,0.06453421608771114
26550,0.05059544802749912,0.20613691216356547,0.7432676398089355
26551,0.02186090642083397,0.23592000721178286,0.7422190863673832
26552,0.03860826060622076,0.18099645212781726,0.780395287265962
26553,0.07018072632831578,0.08628528642111909,0.8435339872505652
26554,0.07534951297750436,0.3678082070800062,0.5568422799424894
26555,0.1423226415363179,0.13599682279412761,0.7216805356695545
26556,0.03171762422336878,0.22753149807326326,0.7407508777033679
26557,0.06421289048322981,0.07618852035318396,0.8595985891635862
26558,0.4627434285917737,0.10110218876694847,0.4361543826412778
26559,0.22095754875773715,0.10283804571859712,0.6762044055236657
26560,0.10000300866901046,0.22990405913754508,0.6700929321934446
26561,0.06230967193941877,0.2249837458535876,0.7127065822069936
26562,0.04900871921983094,0.07471788899004914,0.87627339179012
26563,0.06150995971886136,0.07900734686959189,0.8594826934115468
26564,0.06269868443181163,0.10079671471255808,0.8365046008556303
26565,0.08473404760825214,0.44708014889720915,0.46818580349453887
26566,0.13574478037985346,0.19227640625934983,0.6719788133607967
26567,0.045588048734558934,0.10450253894629559,0.8499094123191455
26568,0.3143933674499681,0.5923521815269303,0.09325445102310166
26569,0.04653355215302439,0.17987879263440787,0.7735876552125677
26570,0.13659041072282918,0.32901675521559537,0.5343928340615756
26571,0.04330603563038865,0.05489704857132264,0.9017969157982888
26572,0.08994879161932243,0.3088549441001518,0.6011962642805257
26573,0.05567392867693018,0.12366739395193733,0.8206586773711324
26574,0.1931660572495034,0.0648377119230621,0.7419962308274346
26575,0.06050148072495184,0.09385375467820531,0.8456447645968428
26576,0.05378172673334467,0.04744407574754957,0.8987741975191057
26577,0.0554364460570199,0.11753342964563435,0.8270301242973458
26578,0.14012141961035698,0.36843621722268544,0.49144236316695755
26579,0.2404085861802992,0.6939583460445299,0.06563306777517097
26580,0.06617786541910757,0.08421848587409267,0.8496036487067997
26581,0.09163819053482886,0.1815962322381685,0.7267655772270025
26582,0.02873380881388926,0.04688475582898598,0.9243814353571246
26583,0.02913687687002406,0.071302756545926,0.89956036658405
26584,0.046268866518988414,0.1854174780292453,0.7683136554517662
26585,0.1136857129286624,0.5050336102964346,0.38128067677490307
26586,0.3809593914885193,0.2812910306158865,0.3377495778955942
26587,0.26488200919917204,0.3702156849048789,0.364902305895949
26588,0.041419278679026304,0.12305265255239621,0.8355280687685774
26589,0.11687592695038504,0.15459515528864656,0.7285289177609685
26590,0.1011214025886792,0.4353362545390736,0.4635423428722473
26591,0.09902421538678403,0.840311905840133,0.060663878773083074
26592,0.34927941052892125,0.08264674396747662,0.5680738455036021
26593,0.14446336851955466,0.35183793817900466,0.5036986933014407
26594,0.1367552526780979,0.29999996064872203,0.56324478667318
26595,0.028182921712805776,0.07455154024186916,0.897265538045325
26596,0.02644331112131615,0.09478527778186642,0.8787714110968174
26597,0.13828955623962327,0.44165515538501693,0.4200552883753598
26598,0.10971677735462834,0.17723028085672476,0.7130529417886469
26599,0.07900565685996695,0.1142631069421942,0.8067312361978388
26600,0.03477795064156296,0.06297606887978743,0.9022459804786497
26601,0.0689452244814063,0.23676773968845136,0.6942870358301424
26602,0.03910597202573183,0.14328169923987177,0.8176123287343965
26603,0.057194808292512105,0.12913584993708765,0.8136693417704004
26604,0.07000730319428446,0.19880033178262338,0.7311923650230922
26605,0.10540568868294274,0.15151192908438674,0.7430823822326706
26606,0.18343279629567544,0.23940609472028587,0.5771611089840386
26607,0.08473340221216051,0.8372033179801908,0.07806327980764868
26608,0.030962760888332146,0.12351830211833366,0.8455189369933341
26609,0.05696302892523128,0.0976670580058448,0.8453699130689238
26610,0.35894705678163547,0.48969390305850186,0.15135904015986273
26611,0.09033919541843843,0.2677445952206192,0.6419162093609423
26612,0.10161219619749406,0.29007110880261816,0.6083166949998877
26613,0.11395415328873156,0.2226044196283623,0.6634414270829061
26614,0.0878824208905076,0.12406265817984072,0.7880549209296517
26615,0.054672181193080115,0.11939440149751482,0.8259334173094048
26616,0.0790995397690601,0.048395541508299965,0.87250491872264
26617,0.10379754726129709,0.09782102953145616,0.7983814232072467
26618,0.11101253472915874,0.13278162012353167,0.7562058451473095
26619,0.16349462423572744,0.1907491554802676,0.645756220284005
26620,0.15393108685003368,0.7592744069915048,0.0867945061584616
26621,0.04007498251440957,0.073506849499672,0.8864181679859184
26622,0.12694784662685374,0.41091617606208475,0.4621359773110615
26623,0.03542958032412413,0.5158556021102065,0.44871481756566917
26624,0.030148102093755604,0.11506168343515095,0.8547902144710934
26625,0.5006138309997665,0.1393454257844293,0.36004074321580426
26626,0.18957884320591145,0.11142029477273319,0.6990008620213555
26627,0.04316214135894776,0.12126044851452221,0.83557741012653
26628,0.03678527988129204,0.14810758705792834,0.8151071330607796
26629,0.0470899127736349,0.06434162188757041,0.8885684653387947
26630,0.05762498939565043,0.194697155669176,0.7476778549351735
26631,0.04720358512611502,0.07403048097415582,0.8787659338997291
26632,0.3875395688478956,0.13757089314495435,0.47488953800715
26633,0.0413486774852974,0.09009891959567709,0.8685524029190255
26634,0.030917205584368366,0.06517555328085067,0.9039072411347809
26635,0.07250845768311132,0.25839707759761465,0.6690944647192741
26636,0.032677253750710164,0.31879373538781475,0.6485290108614753
26637,0.022349808584972083,0.05078146230162774,0.9268687291134002
26638,0.0853652581465375,0.6805348248746674,0.23409991697879506
26639,0.2000048590442091,0.33988684038429307,0.4601083005714978
26640,0.10931212483612689,0.08226893669019363,0.8084189384736794
26641,0.152639516337052,0.5622129337866375,0.2851475498763105
26642,0.046699622267234335,0.07058004772585824,0.8827203300069074
26643,0.10337863219608102,0.17179997837223399,0.724821389431685
26644,0.0815968176188293,0.14344637930824003,0.7749568030729307
26645,0.04406418327376693,0.10076455072116297,0.8551712660050701
26646,0.6683056241307632,0.13046471332217088,0.20122966254706603
26647,0.07428297838930327,0.16472608926280943,0.7609909323478872
26648,0.087698913703875,0.5289245568796361,0.38337652941648875
26649,0.05483366808190313,0.113633524523119,0.8315328073949778
26650,0.4373252607073857,0.4686375650558226,0.09403717423679166
26651,0.18926483519115203,0.6379248729869501,0.17281029182189783
26652,0.29481381427026776,0.1071073304437441,0.5980788552859881
26653,0.24377454309905067,0.1562835436639808,0.5999419132369685
26654,0.1274506338244108,0.4915202996070058,0.3810290665685835
26655,0.05499697903060361,0.2942588134877042,0.6507442074816923
26656,0.0685792015365111,0.11135823625764374,0.8200625622058453
26657,0.1252909410870822,0.19569492335373795,0.6790141355591798
26658,0.07156672882132144,0.2338513986357536,0.6945818725429251
26659,0.24777591970709217,0.19065057016477002,0.5615735101281378
26660,0.06641430641034647,0.2575749664252769,0.6760107271643767
26661,0.12227188031783488,0.13130951116812611,0.746418608514039
26662,0.04201247886933335,0.18047235761272837,0.7775151635179383
26663,0.12519398220410413,0.22179994320736962,0.6530060745885261
26664,0.10054916255692287,0.09911314489541342,0.8003376925476636
26665,0.21119466736291725,0.23765322421312252,0.5511521084239602
26666,0.05651071152722685,0.44921396899823374,0.4942753194745394
26667,0.04317378755573091,0.06871145686250865,0.8881147555817605
26668,0.08993481667843593,0.489036992304745,0.42102819101681904
26669,0.12597991394316893,0.3187066450581031,0.5553134409987279
26670,0.1859973313674095,0.21654343184289998,0.5974592367896904
26671,0.087666293540564,0.12564703873145283,0.786686667727983
26672,0.05441423393148207,0.08547804979207119,0.8601077162764468
26673,0.16902874274457605,0.24450984912455906,0.5864614081308648
26674,0.55211866690029,0.05112837541205986,0.39675295768765023
26675,0.11471978413924502,0.1872515744470418,0.6980286414137131
26676,0.05439808645526637,0.10059673815764367,0.84500517538709
26677,0.030295416102601544,0.09128595901934076,0.8784186248780577
26678,0.08710645782958625,0.29151851164189163,0.621375030528522
26679,0.1817297887747011,0.12268663936295349,0.6955835718623454
26680,0.0505849966559591,0.14789068324316257,0.8015243201008783
26681,0.06258683859794936,0.07909717241408658,0.8583159889879641
26682,0.07062224739440577,0.14724674253857142,0.7821310100670229
26683,0.03782857670390712,0.34209175587197643,0.6200796674241164
26684,0.03178966471077453,0.14296246072196905,0.8252478745672561
26685,0.14420241610952514,0.11518257561776124,0.7406150082727135
26686,0.0426221129819837,0.0914071364557753,0.8659707505622409
26687,0.15766385823165407,0.15610640299840148,0.6862297387699443
26688,0.15900961108071796,0.6116862646239004,0.22930412429538166
26689,0.053966318186036547,0.16078476335520098,0.7852489184587625
26690,0.034422153650466754,0.15168165788426316,0.8138961884652701
26691,0.07338565853728181,0.2036876872340369,0.7229266542286813
26692,0.03508208808077293,0.32679368461900893,0.6381242273002182
26693,0.30198491390558607,0.14773359447253576,0.5502814916218782
26694,0.5696023089921282,0.3586765031138554,0.0717211878940164
26695,0.07309171542651498,0.09105992607009936,0.8358483585033858
26696,0.044291338780651925,0.09029052293354621,0.8654181382858018
26697,0.055119630861229924,0.06438441110028607,0.8804959580384841
26698,0.08529705484840275,0.08532030737360836,0.8293826377779888
26699,0.07981215783859534,0.2558158110098378,0.6643720311515667
26700,0.04947171517112925,0.332378930829369,0.6181493539995018
26701,0.12975110367513837,0.29083106458193864,0.5794178317429229
26702,0.11680303606965099,0.267562637771599,0.6156343261587501
26703,0.07950445501724815,0.19052543642850184,0.72997010855425
26704,0.04003114150375148,0.11385212504097023,0.8461167334552782
26705,0.05060525422912076,0.072477166631797,0.8769175791390823
26706,0.04887672438598275,0.12522108869834506,0.8259021869156723
26707,0.42029595827170985,0.13464203543814734,0.44506200629014275
26708,0.06013391481418948,0.21293334120832283,0.7269327439774877
26709,0.061965694342213135,0.06465768050269403,0.873376625155093
26710,0.13224472691805475,0.1890077067971217,0.6787475662848235
26711,0.20391322475124152,0.12442180280880727,0.6716649724399513
26712,0.047986835181217005,0.18191431858607582,0.7700988462327071
26713,0.09910740755406758,0.3357044693059527,0.5651881231399796
26714,0.06432950185741938,0.1793448397502372,0.7563256583923432
26715,0.055396537134008675,0.30095825218089917,0.6436452106850921
26716,0.11316524409285206,0.6468395378297207,0.23999521807742716
26717,0.04623025457503353,0.15240497417593055,0.8013647712490359
26718,0.071777680768963,0.15516170264551485,0.773060616585522
26719,0.09165231957372004,0.30067494134354167,0.6076727390827383
26720,0.07965925495394625,0.1701148760659779,0.7502258689800758
26721,0.04261323472789621,0.26971157046010946,0.6876751948119944
26722,0.09730183513318906,0.12216236485241326,0.7805358000143977
26723,0.1031988687447277,0.09309400549760431,0.8037071257576679
26724,0.0789025535378074,0.38351380107279276,0.5375836453893998
26725,0.03161404581094252,0.2845362527638845,0.683849701425173
26726,0.17457016842043155,0.46526976779465484,0.3601600637849136
26727,0.07105229350754098,0.08171874371177133,0.8472289627806878
26728,0.08025274285980588,0.2224371407665396,0.6973101163736546
26729,0.0933607035923828,0.18313619002822532,0.7235031063793919
26730,0.1333153593623119,0.46110549670792145,0.4055791439297666
26731,0.0340676760820015,0.1114254582349153,0.8545068656830831
26732,0.1657253422917329,0.7367250414952387,0.09754961621302828
26733,0.06570093468608973,0.060799370253731916,0.8734996950601783
26734,0.0782429482417828,0.11406631638801198,0.8076907353702052
26735,0.05234824819778504,0.10506927713641558,0.8425824746657994
26736,0.10395664931959804,0.18303335745057944,0.7130099932298225
26737,0.13410902818060003,0.2775134410263203,0.5883775307930798
26738,0.024815820032678095,0.06454704598093626,0.9106371339863857
26739,0.511334885607151,0.06591359297360778,0.42275152141924127
26740,0.030633162589220247,0.09077229263342493,0.8785945447773549
26741,0.12981475864734615,0.737579865528645,0.13260537582400883
26742,0.06918146370382472,0.17372744646919666,0.7570910898269787
26743,0.13650630538518574,0.08299471381340241,0.7804989808014119
26744,0.14232741377928249,0.254059868664908,0.6036127175558096
26745,0.04666476559977504,0.12027012257247957,0.8330651118277453
26746,0.22990675087258616,0.17580144058498043,0.5942918085424334
26747,0.0927320944103001,0.46199398581668316,0.4452739197730167
26748,0.24289749341205977,0.39082514355279563,0.36627736303514447
26749,0.06986781874676945,0.17983558681289322,0.7502965944403374
26750,0.047422760659512925,0.057095456005403125,0.8954817833350841
26751,0.054051363527549315,0.2026537774313627,0.7432948590410879
26752,0.04730530523822692,0.5634037374897962,0.38929095727197677
26753,0.13195139804916228,0.10766235296248648,0.7603862489883513
26754,0.0849554908505213,0.05296665635911885,0.8620778527903599
26755,0.03729220612167891,0.08917465813146998,0.873533135746851
26756,0.1052975406301288,0.07643306657411315,0.818269392795758
26757,0.11655090246035057,0.1186906064890159,0.7647584910506335
26758,0.09027236019896799,0.3007030254037137,0.6090246143973184
26759,0.056173887341835094,0.3024559061093197,0.6413702065488451
26760,0.14851739846069925,0.3477772912483474,0.5037053102909533
26761,0.028972859547225,0.08698845844140456,0.8840386820113704
26762,0.036117653939147454,0.12367177218733973,0.8402105738735127
26763,0.04848420434429648,0.18329405141482752,0.768221744240876
26764,0.06226065121624387,0.2939240004759722,0.643815348307784
26765,0.07641740585806575,0.09285297645039518,0.830729617691539
26766,0.05275156624394399,0.4718741729670231,0.47537426078903283
26767,0.08835163426894509,0.22872858151193273,0.6829197842191221
26768,0.03653413944534237,0.916573456079765,0.0468924044748925
26769,0.10251597511406502,0.41989768657280335,0.4775863383131316
26770,0.2773382581677546,0.30362283086887043,0.4190389109633749
26771,0.17592322927704146,0.7056295105706317,0.11844726015232684
26772,0.48851848563437095,0.07007100409039506,0.44141051027523415
26773,0.06802143596902101,0.14847094316504625,0.7835076208659327
26774,0.04031123536318616,0.1562375844354424,0.8034511802013714
26775,0.0496248296808513,0.28342737268547663,0.6669477976336722
26776,0.04547826922665257,0.05341989242282727,0.9011018383505202
26777,0.05984084623406571,0.049036630943269786,0.8911225228226645
26778,0.04529264351828383,0.10400418241595531,0.850703174065761
26779,0.06324707754752187,0.10524760559183563,0.8315053168606426
26780,0.054461396436515576,0.15840939656046285,0.7871292070030215
26781,0.0526040740128785,0.1135237616363877,0.8338721643507337
26782,0.07023611946521668,0.09379918375961743,0.8359646967751659
26783,0.23671018151748807,0.16327080892121168,0.6000190095613002
26784,0.08484711889683481,0.48469748077698693,0.43045540032617824
26785,0.08588611679335202,0.16776555122064513,0.7463483319860027
26786,0.4294581553840804,0.07956445455836435,0.4909773900575552
26787,0.022556187221690033,0.04313922931517669,0.9343045834631333
26788,0.20418697644318115,0.20810143643027634,0.5877115871265425
26789,0.1578440826666938,0.3354140842430826,0.5067418330902236
26790,0.04898013501346999,0.24146241364489293,0.7095574513416372
26791,0.05230799189709506,0.09066373453278104,0.8570282735701239
26792,0.07570780097223885,0.10818364028181483,0.8161085587459462
26793,0.030309078004851796,0.137534599777584,0.8321563222175642
26794,0.03913452875177138,0.12739657591883882,0.8334688953293897
26795,0.07410689904031517,0.26524330699765697,0.6606497939620278
26796,0.07960232878341746,0.8851628294594607,0.03523484175712187
26797,0.08937203106298101,0.34585174023418785,0.5647762287028313
26798,0.36498098852924216,0.2084233655823203,0.4265956458884375
26799,0.12380037722931252,0.1781905230650088,0.6980090997056786
26800,0.039285792824973444,0.9161837513986032,0.04453045577642326
26801,0.05655920214869073,0.5531106107409736,0.39033018711033585
26802,0.08896307815143487,0.08647354649290458,0.8245633753556605
26803,0.031155016267770223,0.13757731721358396,0.8312676665186459
26804,0.03146129532112103,0.1755405505815485,0.7929981540973304
26805,0.02850760175656801,0.10323289417304365,0.8682595040703884
26806,0.07735331566963935,0.21396118169659864,0.7086855026337618
26807,0.040765771178045244,0.07935657223190437,0.8798776565900503
26808,0.045666168731074104,0.22432846498099934,0.7300053662879266
26809,0.0634016620349967,0.22020822157878367,0.7163901163862196
26810,0.04122928657483632,0.26828901271540834,0.6904817007097553
26811,0.050214733343007543,0.09435603940812459,0.8554292272488677
26812,0.06412006925086969,0.06518923635886495,0.8706906943902653
26813,0.08040247769989825,0.4040701294597761,0.5155273928403257
26814,0.1103856932915414,0.08166213617635462,0.807952170532104
26815,0.12183683730969089,0.18654900312651335,0.6916141595637958
26816,0.040523111739545266,0.3656053781189822,0.5938715101414724
26817,0.08284286624711025,0.05399845262696816,0.8631586811259214
26818,0.24933614377285107,0.15125265742037086,0.5994111988067781
26819,0.07133362059984089,0.2837953997313595,0.6448709796687995
26820,0.11688317363863766,0.7599005483160848,0.12321627804527767
26821,0.04721247410107499,0.9226929182163429,0.03009460768258198
26822,0.08175004985513175,0.19985147675553483,0.7183984733893334
26823,0.04036726592327293,0.10830561556629542,0.8513271185104317
26824,0.09709813404765257,0.1388915966332614,0.764010269319086
26825,0.052808768518084956,0.13065307477321428,0.8165381567087007
26826,0.06018090656765132,0.06188065231077232,0.8779384411215763
26827,0.050088665357251955,0.1600344211683735,0.7898769134743746
26828,0.06108701992861779,0.11369753219354772,0.8252154478778345
26829,0.03367055194059286,0.0654813523708186,0.9008480956885885
26830,0.07628215720897208,0.14997981823003115,0.7737380245609968
26831,0.07975581486176114,0.08759444796572492,0.8326497371725139
26832,0.014312471425553292,0.04152932359736886,0.9441582049770779
26833,0.0445902557382404,0.11665326827104704,0.8387564759907126
26834,0.03203285617423798,0.20015102822702746,0.7678161155987346
26835,0.7175728500907371,0.06094170822455762,0.2214854416847053
26836,0.18172284919305887,0.40716834095290483,0.4111088098540363
26837,0.09436165088657869,0.05822677681459461,0.8474115722988266
26838,0.14268561631483728,0.4266183873397728,0.4306959963453899
26839,0.6471320615313552,0.06908986872022069,0.2837780697484241
26840,0.1416277441473442,0.23782032184053484,0.6205519340121209
26841,0.03323668263218545,0.07334475406331947,0.8934185633044951
26842,0.03059794574445914,0.10581034135638259,0.8635917128991583
26843,0.047504654138632335,0.09230799137368445,0.8601873544876832
26844,0.06776367602696191,0.5827535322781647,0.34948279169487334
26845,0.47135963026654404,0.05630270832760989,0.4723376614058461
26846,0.03588616638398372,0.08723433182299432,0.8768795017930219
26847,0.042895540186966244,0.16977048816230594,0.7873339716507277
26848,0.0901239742235273,0.051346136212450134,0.8585298895640225
26849,0.27925862458769185,0.13263209301936338,0.5881092823929448
26850,0.12688564706285038,0.20790714997493825,0.6652072029622114
26851,0.08813189286060233,0.1872654768954048,0.7246026302439927
26852,0.11704647699237491,0.5569764832619182,0.32597703974570696
26853,0.04399851420118757,0.0658382670042785,0.8901632187945341
26854,0.0836470312716545,0.8869016554560438,0.02945131327230173
26855,0.07749328165329893,0.280260623396635,0.642246094950066
26856,0.09018819187503785,0.06158772497905386,0.8482240831459082
26857,0.06710463140854686,0.23410965164946163,0.6987857169419915
26858,0.04983044740795382,0.7254154956098434,0.2247540569822027
26859,0.06298200555043533,0.6168532305225549,0.32016476392700993
26860,0.04424163152349175,0.6024754763242529,0.35328289215225533
26861,0.04829197767790637,0.1897397750881052,0.7619682472339885
26862,0.08008145524750367,0.1959666199766382,0.723951924775858
26863,0.03084674436160571,0.10598438773205862,0.8631688679063357
26864,0.049067037992176335,0.34547875165216796,0.6054542103556557
26865,0.02751180173468612,0.06614346195311896,0.9063447363121948
26866,0.03458319229565271,0.1301769090315726,0.8352398986727748
26867,0.0484804973769111,0.11893093147591072,0.8325885711471782
26868,0.07171753859697717,0.09861990366793914,0.8296625577350837
26869,0.025667325295274483,0.02912822866252155,0.945204446042204
26870,0.03480746776436976,0.6563706436491985,0.30882188858643167
26871,0.1315214134664716,0.14600108699331174,0.7224774995402168
26872,0.06252645992346649,0.14132830603826246,0.7961452340382712
26873,0.054882984689792004,0.18571845887769686,0.7593985564325111
26874,0.07930600111204963,0.29614777384502056,0.6245462250429298
26875,0.0499239872640993,0.21727422656187337,0.7328017861740274
26876,0.04721174624644413,0.11516034297059194,0.837627910782964
26877,0.052940845759567805,0.08208216940678706,0.8649769848336453
26878,0.08683058597775645,0.14069819023903518,0.7724712237832084
26879,0.040499657581516434,0.1836378638228193,0.7758624785956643
26880,0.2368599719330193,0.07946943209869427,0.6836705959682864
26881,0.03421842863260228,0.1835337727267208,0.782247798640677
26882,0.3557703623710496,0.08101313371613764,0.5632165039128126
26883,0.021168342387854082,0.08797938374852543,0.8908522738636205
26884,0.07391485055190397,0.4593284654583647,0.4667566839897313
26885,0.17451105001277709,0.10639706777476994,0.7190918822124529
26886,0.0428006450796456,0.08120196808860732,0.8759973868317471
26887,0.048163983309723,0.10194686597080058,0.8498891507194763
26888,0.16532430756385705,0.20091933986638486,0.633756352569758
26889,0.04317121015312735,0.11388023346335908,0.8429485563835134
26890,0.08179769631678135,0.25336480330001754,0.6648375003832011
26891,0.09619536801532615,0.388331876052474,0.5154727559321998
26892,0.12070904337861109,0.19746945383391587,0.6818215027874731
26893,0.07475223282163962,0.17353224459363845,0.7517155225847219
26894,0.04471961407823853,0.11164574324335369,0.8436346426784077
26895,0.0927563223688968,0.33971941256557764,0.5675242650655254
26896,0.0655577359187022,0.12471560936944083,0.8097266547118569
26897,0.052300801905638634,0.22261612459300767,0.7250830735013538
26898,0.06284889524050837,0.09325284014899639,0.8438982646104952
26899,0.04439838873925946,0.11974615326959342,0.8358554579911471
26900,0.035886574314507404,0.22668211734654217,0.7374313083389505
26901,0.03469318171290819,0.24045522415595486,0.724851594131137
26902,0.04721165492948313,0.037682827628696916,0.9151055174418201
26903,0.07948778636895698,0.23049225781353436,0.6900199558175086
26904,0.3260276776369625,0.5962147021632596,0.07775762019977796
26905,0.04537015684169898,0.204441015843902,0.7501888273143988
26906,0.02867863521675329,0.07772825398285889,0.8935931108003878
26907,0.06806750209003026,0.05176316275939817,0.8801693351505715
26908,0.08898075527895843,0.26493275577211073,0.6460864889489307
26909,0.07245477169130972,0.43220539495631755,0.49533983335237275
26910,0.07063319338997906,0.317212027990754,0.612154778619267
26911,0.08209795316250257,0.15045341677019825,0.7674486300672991
26912,0.04749864704026005,0.10180098180504499,0.8507003711546949
26913,0.3602193892616703,0.11080127950050875,0.5289793312378209
26914,0.060684448328282584,0.16467132804726747,0.77464422362445
26915,0.04931265295614623,0.07805054324979767,0.8726368037940561
26916,0.1624666263688407,0.795163010559838,0.042370363071321325
26917,0.05039459617041388,0.12182905881505415,0.8277763450145319
26918,0.07358287587205659,0.11093158684921418,0.8154855372787293
26919,0.5489201105173881,0.12370951479077118,0.3273703746918408
26920,0.06178787679038686,0.2687864316808256,0.6694256915287875
26921,0.042131012198452465,0.6248951436170623,0.33297384418448533
26922,0.08870142073258806,0.6291993644584525,0.28209921480895933
26923,0.0360992077839812,0.07512158982821804,0.8887792023878006
26924,0.0720260148927574,0.10541337144732271,0.8225606136599198
26925,0.052797502687275115,0.051211103122688034,0.8959913941900368
26926,0.13677194183639352,0.2604862720093745,0.6027417861542319
26927,0.1274633872232164,0.3118127020657042,0.5607239107110793
26928,0.02286758783955004,0.954210125624038,0.022922286536412168
26929,0.06055092406473403,0.15050515832134875,0.7889439176139172
26930,0.08129245579502854,0.542684652192895,0.37602289201207656
26931,0.09861890314848785,0.8260627784578229,0.0753183183936893
26932,0.0742728665095953,0.38958679013164266,0.536140343358762
26933,0.48897597068907,0.0887920927389912,0.4222319365719387
26934,0.04203024035098143,0.12456298093169546,0.833406778717323
26935,0.04892383358621103,0.06447700864356341,0.8865991577702257
26936,0.04871519745869786,0.07228664586373637,0.8789981566775658
26937,0.10064409864283366,0.20614596046380324,0.6932099408933631
26938,0.3334817115743329,0.5460246512148564,0.12049363721081077
26939,0.3505683559680863,0.5687425171146075,0.0806891269173062
26940,0.14518243791370802,0.15506484039517865,0.6997527216911132
26941,0.0743449268157612,0.1984017190201645,0.7272533541640742
26942,0.07787298068444422,0.2096864785689504,0.7124405407466055
26943,0.04441400282828048,0.4277181480328993,0.5278678491388202
26944,0.07054017929342174,0.08372565659335954,0.8457341641132187
26945,0.10790373022330235,0.4084966537484209,0.48359961602827667
26946,0.05547193159294002,0.11044668991369506,0.834081378493365
26947,0.05678221973949807,0.22021968017171858,0.7229981000887834
26948,0.0834760338223701,0.2599548039209038,0.6565691622567261
26949,0.35111630953865236,0.09462880906867559,0.5542548813926721
26950,0.16228117029416805,0.11166756422176684,0.7260512654840652
26951,0.4555631160953014,0.24491384246409365,0.29952304144060493
26952,0.12062232786200794,0.2047750133425019,0.6746026587954902
26953,0.05423881996643347,0.029434868593231044,0.9163263114403356
26954,0.03163150282995124,0.12020573203292348,0.8481627651371254
26955,0.06622295272995285,0.49033688588100094,0.4434401613890463
26956,0.14026286993347994,0.2288042694936345,0.6309328605728854
26957,0.6798676638374117,0.10735847866940489,0.2127738574931835
26958,0.24148150724981796,0.17492945835123047,0.5835890343989516
26959,0.053173423343377324,0.2308077821012267,0.7160187945553959
26960,0.05473163311723017,0.17240493275268137,0.7728634341300885
26961,0.059357201907838886,0.12593561498623165,0.8147071831059295
26962,0.04528396635745238,0.5064753308265554,0.4482407028159922
26963,0.30198491390558607,0.14773359447253576,0.5502814916218782
26964,0.10717827220189585,0.21602571102921808,0.6767960167688859
26965,0.04566138866475751,0.4630044825599975,0.49133412877524507
26966,0.0655577359187022,0.12471560936944083,0.8097266547118569
26967,0.04720730144795609,0.0812928419044781,0.8714998566475657
26968,0.05100584358739293,0.2338306046514159,0.7151635517611911
26969,0.028368705631970036,0.09511659990091208,0.8765146944671179
26970,0.15281153636335698,0.11453340201263085,0.7326550616240123
26971,0.05166650056545463,0.25609377856044646,0.692239720874099
26972,0.1131720716262763,0.29758591488207764,0.5892420134916461
26973,0.04162584326839573,0.08376160657874301,0.8746125501528613
26974,0.08657125513973232,0.09122205321902453,0.8222066916412433
26975,0.051261144737049846,0.06468038754584053,0.8840584677171096
26976,0.13343518522894254,0.7828626120850414,0.08370220268601603
26977,0.05634551239578396,0.11442052374238115,0.8292339638618349
26978,0.06962441835306421,0.12353459261253742,0.8068409890343982
26979,0.1027390762385792,0.3541247477842847,0.543136175977136
26980,0.053612857255170704,0.12272490949065615,0.8236622332541731
26981,0.06923112222572836,0.24629541282142398,0.6844734649528477
26982,0.05730535639579135,0.13235098959343772,0.8103436540107709
26983,0.05828839010372981,0.18633695964332853,0.7553746502529417
26984,0.059612076288654545,0.12585659504572333,0.8145313286656222
26985,0.08860873001644509,0.3059600440058782,0.6054312259776766
26986,0.0782079646212311,0.06082927044912385,0.860962764929645
26987,0.08805744756360522,0.5642250855190087,0.347717466917386
26988,0.10552882675963902,0.41478181670680936,0.47968935653355166
26989,0.08686948150518943,0.28833780979008455,0.624792708704726
26990,0.03830890975899185,0.06665802212306046,0.8950330681179477
26991,0.032769502493485626,0.09301588833245288,0.8742146091740615
26992,0.07821979228764779,0.45724965435225984,0.46453055336009236
26993,0.047713252179122145,0.11362944335262877,0.838657304468249
26994,0.09265992297630712,0.11647753804233968,0.7908625389813533
26995,0.042415994221027535,0.17653912123660026,0.7810448845423721
26996,0.03491709599924425,0.10927893471647776,0.8558039692842779
26997,0.22385206147196665,0.4706884193013991,0.3054595192266342
26998,0.2339567898820204,0.08936455589039236,0.6766786542275873
26999,0.29483684048742115,0.11678614777170107,0.5883770117408779
27000,0.06400259649898514,0.43732278882242626,0.49867461467858865
27001,0.059322212362052255,0.3152996539264804,0.6253781337114673
27002,0.0659508001870467,0.28693441206867387,0.6471147877442794
27003,0.15496178187078083,0.12639408824909593,0.7186441298801233
27004,0.0968887781943006,0.1401969459208534,0.7629142758848458
27005,0.06515429489352936,0.3385210741462166,0.596324630960254
27006,0.05260977724997492,0.06986816560857267,0.8775220571414525
27007,0.11966454132431555,0.49723037883219406,0.38310507984349046
27008,0.11860341924987394,0.2695751195039011,0.6118214612462249
27009,0.05956449163303268,0.1570386235270839,0.7833968848398835
27010,0.02507656746073476,0.13894910211322486,0.8359743304260405
27011,0.17092619318882216,0.4198091621554956,0.4092646446556823
27012,0.06306281499572414,0.06495311077793722,0.8719840742263387
27013,0.17335061148563607,0.13118931929016028,0.6954600692242036
27014,0.09456693522534754,0.4626143760473222,0.4428186887273302
27015,0.10997143090393854,0.33030484602927224,0.5597237230667892
27016,0.044822069710140695,0.08384241560733167,0.8713355146825277
27017,0.045765290768904975,0.0953871500071698,0.8588475592239253
27018,0.08522432020525147,0.120625481479505,0.7941501983152435
27019,0.12593398671740175,0.14168796095073466,0.7323780523318636
27020,0.035276124088978844,0.4200776562353727,0.5446462196756485
27021,0.047697370404997566,0.3626778918416117,0.5896247377533907
27022,0.04684391046566943,0.0698100823746453,0.8833460071596853
27023,0.15729852370557446,0.35369357635259463,0.4890078999418309
27024,0.11889113941788375,0.27240000894315586,0.6087088516389603
27025,0.14323253984594442,0.1069789074253201,0.7497885527287353
27026,0.05532490717677139,0.10799944151448751,0.836675651308741
27027,0.08441344145556157,0.06623058684757446,0.8493559716968638
27028,0.2994245720446896,0.16897828611308763,0.5315971418422227
27029,0.04655724404477925,0.16329697530193205,0.7901457806532889
27030,0.12110947264286828,0.5165638237803982,0.36232670357673347
27031,0.47045236795506645,0.22674097345488267,0.3028066585900509
27032,0.2490468761182975,0.11710163655012538,0.6338514873315771
27033,0.06040889607137755,0.064869407587165,0.8747216963414575
27034,0.123864511945833,0.12921781792460782,0.7469176701295592
27035,0.6827539492121666,0.07535413362277281,0.2418919171650606
27036,0.06741437329334338,0.07414798982487592,0.8584376368817807
27037,0.18971983131030945,0.17547147393808227,0.6348086947516083
27038,0.054467142004843906,0.1550460645148591,0.7904867934802969
27039,0.25993355783933575,0.21873136125353418,0.5213350809071302
27040,0.10830963405930673,0.09139750881436695,0.8002928571263264
27041,0.03137647473845056,0.14786966744348,0.8207538578180695
27042,0.26361131049550174,0.6426824299264798,0.09370625957801842
27043,0.048574635772978145,0.1401445637706032,0.8112808004564187
27044,0.04605679439199293,0.09756099182381009,0.8563822137841969
27045,0.060340457900927215,0.17333270977709284,0.7663268323219801
27046,0.04181105352872427,0.10691451722474596,0.8512744292465297
27047,0.10024128039282867,0.3450845851153763,0.554674134491795
27048,0.17369681020954633,0.7804785888970683,0.04582460089338549
27049,0.07813981436631587,0.532484416774633,0.3893757688590511
27050,0.055349531834017064,0.14914731405351736,0.7955031541124657
27051,0.08078595096833387,0.31113046107241665,0.6080835879592494
27052,0.07266766817458749,0.10973838306454031,0.8175939487608723
27053,0.06586846491522198,0.28965042436482136,0.6444811107199567
27054,0.0898643610398297,0.08534664554521845,0.824788993414952
27055,0.17567635202508253,0.7403990099015141,0.08392463807340346
27056,0.16367086697744257,0.7763828348902138,0.05994629813234366
27057,0.03912252443360191,0.2413238259708877,0.7195536495955105
27058,0.21759873101995067,0.2757136306498414,0.5066876383302078
27059,0.05897021095683025,0.08225456771957376,0.858775221323596
27060,0.059941466590373214,0.2636321276123602,0.6764264057972665
27061,0.521739607574793,0.14650279645732261,0.3317575959678845
27062,0.15419109168809397,0.08340393158177366,0.7624049767301324
27063,0.05859781549681759,0.07792456103888624,0.8634776234642961
27064,0.025798028067164955,0.049145793425466565,0.9250561785073684
27065,0.10799766719237006,0.37365457320090134,0.5183477596067287
27066,0.050259907715846125,0.05905009637624259,0.8906899959079113
27067,0.08139799783693043,0.20065924295929222,0.7179427592037774
27068,0.48056252316361214,0.08656856513488759,0.43286891170150027
27069,0.025327205343836343,0.07374705445433571,0.9009257402018279
27070,0.035444448238330865,0.08068553024042091,0.8838700215212483
27071,0.0402984435527084,0.0603586153806759,0.8993429410666157
27072,0.045420375896971614,0.2832249144246677,0.6713547096783608
27073,0.08341537895294529,0.20350498505962544,0.7130796359874292
27074,0.16366323148374404,0.30019547978007494,0.536141288736181
