index,0,1,2
26457,0.06902709046748064,0.20165350374698693,0.7293194057855323
26458,0.26892416930047053,0.30740919318521304,0.42366663751431644
26459,0.03256222251974841,0.08455188929985985,0.8828858881803917
26460,0.05027492877257526,0.07819837282985272,0.8715266983975721
26461,0.08038587117017894,0.16280867187813014,0.7568054569516909
26462,0.044812176003025096,0.08702404592929334,0.8681637780676816
26463,0.36557538555893315,0.6047071684484518,0.029717445992614992
26464,0.04361443472776251,0.06741790077517815,0.8889676644970593
26465,0.0415547345865095,0.08158100465828039,0.8768642607552102
26466,0.055321158284135856,0.3353554876339225,0.6093233540819416
26467,0.05983761631191607,0.09947132276245853,0.8406910609256254
26468,0.04374702249830413,0.06058909010952464,0.8956638873921712
26469,0.6664948531555466,0.07883870316155529,0.25466644368289804
26470,0.05544923347985546,0.19614963732524918,0.7484011291948953
26471,0.05659016243831657,0.08881795811632645,0.854591879445357
26472,0.055836915099208545,0.2391573998200682,0.7050056850807233
26473,0.04330268044688704,0.06399731784897739,0.8927000017041357
26474,0.1584298482235754,0.8221948867857087,0.01937526499071583
26475,0.37464822083099425,0.2154226526323459,0.40992912653665986
26476,0.03673896632246807,0.07747591444300458,0.8857851192345274
26477,0.22830985990625938,0.11729056146002947,0.6543995786337112
26478,0.07753841362843245,0.08956239087038276,0.8328991955011847
26479,0.04212607714358437,0.08770055001586263,0.870173372840553
26480,0.04702474689549703,0.07112869985918818,0.8818465532453148
26481,0.05842269196297954,0.4130280185457715,0.5285492894912489
26482,0.19314472127557816,0.09417656769667093,0.7126787110277509
26483,0.05403070530501866,0.18862499418097306,0.7573443005140083
26484,0.09975502945917379,0.11766066057600386,0.7825843099648223
26485,0.032445062822594344,0.04926027966276784,0.9182946575146378
26486,0.07870071309458929,0.11407505524015346,0.8072242316652571
26487,0.08506240330604242,0.12242737750790982,0.7925102191860478
26488,0.2158591154564355,0.7498621406426063,0.03427874390095821
26489,0.055235623395094025,0.28977594221802494,0.654988434386881
26490,0.08189376944998607,0.1820546960786641,0.7360515344713499
26491,0.03793993044763145,0.07964553943334532,0.8824145301190233
26492,0.05031562220399857,0.3541368072136726,0.5955475705823288
26493,0.7671461265347814,0.21503190700672833,0.017821966458490157
26494,0.09947563988991814,0.3322515508128963,0.5682728092971856
26495,0.05083334412347255,0.08143948500872657,0.8677271708678009
26496,0.10390068106740973,0.26493887199122235,0.631160446941368
26497,0.025320839385321627,0.8727391688221585,0.10193999179251989
26498,0.2192123030688359,0.5086796180319625,0.2721080788992015
26499,0.09495106047870175,0.1234494679180124,0.7815994716032859
26500,0.06210198719506142,0.41983125083581774,0.5180667619691209
26501,0.10291451239056176,0.2496074608145884,0.6474780267948499
26502,0.03437210626789259,0.05443732502066424,0.9111905687114431
26503,0.11587319487036071,0.4507986521505376,0.43332815297910166
26504,0.07817475472403998,0.17913752737493158,0.7426877179010284
26505,0.043068651520811456,0.0817288712464595,0.8752024772327291
26506,0.07187750370913491,0.8971186151023912,0.03100388118847379
26507,0.11458645735503517,0.8672156497497066,0.018197892895258326
26508,0.10484128524214052,0.29402019699604925,0.6011385177618102
26509,0.09430690079126428,0.11755422916840033,0.7881388700403356
26510,0.036468138983291334,0.31690588557652105,0.6466259754401876
26511,0.0365173637452903,0.08339191528404602,0.8800907209706637
26512,0.09526232904851228,0.11230901357745013,0.7924286573740377
26513,0.06230845728037519,0.17450573502350256,0.7631858076961223
26514,0.035306553710893876,0.0647219816574921,0.899971464631614
26515,0.3588756793386385,0.07058241455655224,0.5705419061048093
26516,0.05488602936857889,0.30338884684482625,0.6417251237865949
26517,0.171845487701906,0.8049420205811675,0.02321249171692641
26518,0.05078453682422052,0.08527046386945858,0.8639449993063208
26519,0.5516243384874383,0.08878260416859096,0.35959305734397073
26520,0.02128815854309824,0.9080064835452867,0.07070535791161506
26521,0.04556455128599364,0.2040298179602228,0.7504056307537835
26522,0.20795352976369585,0.12282141644922398,0.6692250537870801
26523,0.08803536975991874,0.14885698942670356,0.7631076408133777
26524,0.06636176101748392,0.22236631206095525,0.7112719269215608
26525,0.17136424932845057,0.14091906062324305,0.6877166900483063
26526,0.03716518388098851,0.06263286623037514,0.9002019498886363
26527,0.13650007534908243,0.5161423479626707,0.3473575766882469
26528,0.09987742758493573,0.8818936904050598,0.0182288820100045
26529,0.5270060987668861,0.09858866475583905,0.37440523647727486
26530,0.0997562227559485,0.1093278049678887,0.7909159722761627
26531,0.03775041599297218,0.15893636172591272,0.8033132222811151
26532,0.4116574601918046,0.08462861744576392,0.5037139223624314
26533,0.09190733695002792,0.10377090066303515,0.804321762386937
26534,0.041743606179896225,0.07767225070544753,0.8805841431146562
26535,0.0384567788864999,0.07166718079499752,0.8898760403185026
26536,0.09114515064254006,0.16296977451660513,0.7458850748408548
26537,0.04116935349081005,0.06512279115916642,0.8937078553500235
26538,0.0567976780084968,0.3211034593172626,0.6220988626742406
26539,0.05878904159350021,0.15048193414262578,0.790729024263874
26540,0.2199155470852407,0.2919727498031457,0.48811170311161356
26541,0.04505575689483008,0.11835604523766377,0.8365881978675062
26542,0.06798416985010042,0.14611383217905136,0.7859019979708483
26543,0.052625785731106614,0.07142062647956285,0.8759535877893305
26544,0.1712348048330157,0.14908668129194033,0.679678513875044
26545,0.06881027398860748,0.3592362984927288,0.5719534275186637
26546,0.050704567515595864,0.08557497400550143,0.8637204584789028
26547,0.037873862132191245,0.05881639339140171,0.9033097444764071
26548,0.046196577411087555,0.07673970462894814,0.8770637179599643
26549,0.2647015387413505,0.7144421799416479,0.020856281317001464
26550,0.04240448872305767,0.2304122396646252,0.727183271612317
26551,0.03430699594126319,0.253531416469874,0.7121615875888628
26552,0.04729850434126634,0.14456415583935178,0.8081373398193819
26553,0.04264123113982212,0.07224178138780005,0.8851169874723779
26554,0.09787025998552025,0.45962863598226134,0.44250110403221843
26555,0.13132383840738424,0.07791117855440201,0.7907649830382137
26556,0.03990803146585861,0.2210245017408451,0.7390674667932962
26557,0.054687884010458127,0.08743957390913593,0.857872542080406
26558,0.6400727527861112,0.06702618222601159,0.2929010649878771
26559,0.2521130241426202,0.0772784751855955,0.6706085006717843
26560,0.06661259225062366,0.10191724212990566,0.8314701656194706
26561,0.04556462252402206,0.21011589735395542,0.7443194801220224
26562,0.03755169788394328,0.07629854191371244,0.8861497602023443
26563,0.0374465317038585,0.07670264916845068,0.8858508191276908
26564,0.05179544393016223,0.08877970284621273,0.859424853223625
26565,0.07992094125934454,0.5393079434516115,0.38077111528904395
26566,0.11962530372110705,0.19367361592692478,0.6867010803519682
26567,0.04991737137598003,0.10733686924538816,0.8427457593786318
26568,0.28354179873193264,0.6910212837046354,0.025436917563432013
26569,0.04493121270594952,0.07989472813425923,0.8751740591597914
26570,0.09494009645399472,0.47456744480887947,0.4304924587371258
26571,0.03758695621478668,0.06687306725896072,0.8955399765262526
26572,0.053807978819099135,0.23181798806648493,0.7143740331144159
26573,0.08968401740166926,0.10478956950956013,0.8055264130887706
26574,0.2394028367476037,0.08218738270006906,0.6784097805523273
26575,0.12916391228905832,0.12191455258634176,0.7489215351245999
26576,0.07727988087373647,0.07515116028505525,0.8475689588412083
26577,0.09660638932420673,0.14135078635156126,0.7620428243242319
26578,0.2184485296914288,0.28920585785320074,0.49234561245537056
26579,0.2928782464668249,0.6841731742948582,0.022948579238316745
26580,0.05508472454819552,0.08785764247468839,0.8570576329771161
26581,0.11392974673020055,0.14297301329211723,0.7430972399776823
26582,0.02432952414275515,0.04487044068860379,0.930800035168641
26583,0.0363551633533731,0.06529883544403624,0.8983460012025907
26584,0.07889253609144081,0.1727878361732421,0.7483196277353171
26585,0.06985129586554861,0.701825836679395,0.22832286745505642
26586,0.34023085488145804,0.28023882560438806,0.37953031951415384
26587,0.15042907360722768,0.4563956470886067,0.3931752793041656
26588,0.04502430264936044,0.1251216792580677,0.829854018092572
26589,0.1081797447675997,0.11085391563885924,0.780966339593541
26590,0.07625856945691288,0.5654716469898461,0.358269783553241
26591,0.11355853123334142,0.8680414609986261,0.018400007768032384
26592,0.47274080248333683,0.08627616968029764,0.44098302783636556
26593,0.047420228987724335,0.3604157709825878,0.5921640000296879
26594,0.07349093565156478,0.0838229371964151,0.8426861271520202
26595,0.047133452107415943,0.07667413922210646,0.8761924086704777
26596,0.07119563309288793,0.09166498456193005,0.8371393823451819
26597,0.26136216917023264,0.3977634551837784,0.34087437564598894
26598,0.057186345177172804,0.1498451598833846,0.7929684949394427
26599,0.04375373996280098,0.0746194930645864,0.8816267669726126
26600,0.04438489143056384,0.07892132313519701,0.8766937854342391
26601,0.06188922114047568,0.18628642436943182,0.7518243544900926
26602,0.06207247319217443,0.11072980074383224,0.8271977260639933
26603,0.06463297442892169,0.18853571989827272,0.7468313056728055
26604,0.05662249286941014,0.10599089703157337,0.8373866100990164
26605,0.040843403939103094,0.07629045325115037,0.8828661428097466
26606,0.0772235782473131,0.3059892862311123,0.6167871355215745
26607,0.10305014653165542,0.8772052175505097,0.019744635917834836
26608,0.044924765309646446,0.08189687969652573,0.8731783549938278
26609,0.048460819714265045,0.0873884929765022,0.8641506873092328
26610,0.2402395904257247,0.5081786447418283,0.251581764832447
26611,0.10571961422855189,0.23011648163608614,0.664163904135362
26612,0.08452413828447235,0.3813521596257789,0.5341237020897488
26613,0.07478552668237497,0.18878447322479883,0.7364300000928262
26614,0.05375727060823894,0.12367765802026319,0.8225650713714978
26615,0.09237385417697339,0.157131986776337,0.7504941590466896
26616,0.03668295304330768,0.06243384940031084,0.9008831975563815
26617,0.09394724882154393,0.15121230032655902,0.7548404508518971
26618,0.07027270244318362,0.10777869176401589,0.8219486057928005
26619,0.1811088772668901,0.17171569476849424,0.6471754279646156
26620,0.08948174390866517,0.8636576765643189,0.046860579527015805
26621,0.05035450232060726,0.056790083223552806,0.8928554144558399
26622,0.11957476602070034,0.48602913654626406,0.3943960974330356
26623,0.03748314420355161,0.6101349624759528,0.3523818933204955
26624,0.0449126367805618,0.0820500396700066,0.8730373235494316
26625,0.7421851222202553,0.07763306832596846,0.18018180945377604
26626,0.2547675585863777,0.09282399227879835,0.652408449134824
26627,0.039383886308284856,0.06473202359480976,0.8958840900969054
26628,0.038028757570157196,0.07577577053824962,0.8861954718915932
26629,0.04702011997643187,0.0698081022639749,0.8831717777595932
26630,0.031179765180145032,0.06778607714500828,0.9010341576748466
26631,0.034838015740749635,0.06969689172025846,0.8954650925389919
26632,0.42894189925742476,0.09416662929211597,0.4768914714504593
26633,0.042743098339135366,0.08077650068722374,0.8764804009736409
26634,0.03655072150302763,0.06458091273501819,0.8988683657619543
26635,0.047097026312601306,0.26807603852357775,0.6848269351638209
26636,0.04857380614252524,0.3148602060475443,0.6365659878099305
26637,0.0344769336869137,0.14248393102613136,0.8230391352869549
26638,0.03799485479365055,0.7782266769250399,0.18377846828130956
26639,0.22420222626594244,0.5249679879952662,0.2508297857387912
26640,0.13654784805602466,0.10075872019416195,0.7626934317498133
26641,0.11592294057224115,0.6408113316969739,0.24326572773078492
26642,0.03335891976276613,0.07904081213123478,0.8876002681059991
26643,0.05412767700673668,0.2578310085689447,0.6880413144243185
26644,0.06492178385393681,0.12820095259917821,0.8068772635468849
26645,0.03628125325264639,0.07907678182415805,0.8846419649231956
26646,0.6045349879996245,0.10606323679430169,0.28940177520607374
26647,0.049563442156850455,0.07890850849547368,0.8715280493476758
26648,0.05127958883351665,0.6502044368798863,0.29851597428659704
26649,0.05355226921807059,0.08373344377858469,0.8627142870033447
26650,0.7196985537877664,0.23119189344260227,0.049109552769631394
26651,0.3260544615845077,0.5473838074968893,0.1265617309186029
26652,0.30739295198106,0.0726373086452361,0.619969739373704
26653,0.1888397591100268,0.09771615921197367,0.7134440816779997
26654,0.10146336019129283,0.5891453154513764,0.30939132435733074
26655,0.07729872408503065,0.2754794833358315,0.6472217925791379
26656,0.04648875191447771,0.08873745435004501,0.8647737937354774
26657,0.07345814153961555,0.3206509977871946,0.6058908606731899
26658,0.05513815592929062,0.365657364264899,0.5792044798058104
26659,0.11555046188574872,0.20280359380655685,0.6816459443076945
26660,0.05654110311368726,0.3623442414304141,0.5811146554558987
26661,0.10287278436516999,0.1082898189889484,0.7888373966458816
26662,0.04390134034457123,0.22988433821107376,0.7262143214443549
26663,0.10290361485982594,0.27946020271028393,0.6176361824298902
26664,0.08063970426555815,0.0846072784121925,0.8347530173222494
26665,0.2604099471009877,0.23750678362778715,0.5020832692712252
26666,0.05748451511338747,0.5768489631821817,0.36566652170443087
26667,0.02766025677487896,0.05370274800150002,0.918636995223621
26668,0.05606692528496161,0.6332725749021986,0.31066049981283994
26669,0.1196979178781227,0.44338040251507416,0.4369216796068031
26670,0.20937304455142075,0.39397639134888335,0.39665056409969585
26671,0.0775125018647344,0.2595202573040228,0.6629672408312428
26672,0.034664822115074545,0.06533517067029113,0.9000000072146344
26673,0.09022385713110866,0.16342657080449843,0.7463495720643928
26674,0.6110922981362511,0.059665687948576414,0.3292420139151725
26675,0.05060802004834574,0.0826094550928374,0.8667825248588168
26676,0.05234399731035907,0.07102388488324356,0.8766321178063974
26677,0.040291606667728505,0.06736068315295062,0.892347710179321
26678,0.05959138171895987,0.2970376581315257,0.6433709601495144
26679,0.2332736794591515,0.09546152590175666,0.6712647946390918
26680,0.04219655062664181,0.09049779581992318,0.8673056535534349
26681,0.04319547737086403,0.08450299535175204,0.8723015272773839
26682,0.06568828377613653,0.10131045850251108,0.8330012577213524
26683,0.04907131478480284,0.34361387129482324,0.6073148139203739
26684,0.06684567129922968,0.10028684351392259,0.8328674851868477
26685,0.2867035381114537,0.10731363203083957,0.6059828298577068
26686,0.044924310239496563,0.07626220364365555,0.8788134861168478
26687,0.21143533344296261,0.11332682290475665,0.6752378436522807
26688,0.19699836111534355,0.5897052898745678,0.21329634901008854
26689,0.0825143579544817,0.1770224791674318,0.7404631628780864
26690,0.023977210924196538,0.04902810624014935,0.9269946828356541
26691,0.0733882417674471,0.17892328848883962,0.7476884697437132
26692,0.04106359547534798,0.23703331412093043,0.7219030904037216
26693,0.47020036333736726,0.09854894713449175,0.431250689528141
26694,0.7049494744288265,0.2719861049752547,0.023064420595918858
26695,0.04573914616248895,0.07178844247720241,0.8824724113603087
26696,0.041704838593565975,0.06560559958608418,0.8926895618203499
26697,0.03477827713925137,0.07311900643602331,0.8921027164247255
26698,0.050148055917985414,0.05456381605144532,0.8952881280305693
26699,0.08380975241834772,0.30950112072520375,0.6066891268564485
26700,0.054873214941749786,0.3933570690415085,0.5517697160167416
26701,0.11365064379705694,0.3328536575814933,0.5534956986214498
26702,0.0793989472653016,0.22164150995197152,0.6989595427827269
26703,0.05973206427288455,0.08653119330034545,0.85373674242677
26704,0.04746618691401988,0.0767574022177772,0.8757764108682029
26705,0.035576144969609015,0.06624370865372717,0.8981801463766638
26706,0.05185730982343872,0.08619756040704935,0.861945129769512
26707,0.4178017077116775,0.07572498686209123,0.5064733054262314
26708,0.05394134926675789,0.10242157212109336,0.8436370786121488
26709,0.04158424523621803,0.06955483968360374,0.8888609150801783
26710,0.30954951105337136,0.12672217032982,0.5637283186168087
26711,0.28527607013627665,0.10200535895700946,0.6127185709067139
26712,0.04914936971198927,0.24259769756464875,0.7082529327233619
26713,0.10072375307213413,0.26667292563843326,0.6326033212894326
26714,0.09413342105605642,0.1628384258567866,0.743028153087157
26715,0.057178319077993894,0.3511090794601439,0.5917126014618621
26716,0.09590555046142289,0.8394913737502832,0.06460307578829405
26717,0.05353718580129629,0.19415336376677722,0.7523094504319265
26718,0.09020831517026828,0.1509704323672422,0.7588212524624895
26719,0.07316534487550133,0.3153598399976585,0.6114748151268401
26720,0.18346351648297715,0.0776939712013762,0.7388425123156466
26721,0.04788918458604496,0.34068437599098245,0.6114264394229726
26722,0.3050446193672882,0.08193480545310734,0.6130205751796044
26723,0.06314145414843705,0.11336705916412347,0.8234914866874395
26724,0.10676146683617369,0.4731142153093514,0.420124317854475
26725,0.04039619118556761,0.23555276056317123,0.7240510482512611
26726,0.11049733805132392,0.5298340557880422,0.3596686061606338
26727,0.045031220536389915,0.08402479162612324,0.8709439878374869
26728,0.08773273280254583,0.13082543795755538,0.7814418292398988
26729,0.1004808749154838,0.14960834569928172,0.7499107793852345
26730,0.130966245535283,0.5621665490100404,0.3068672054546765
26731,0.041248171094980676,0.08729337248007972,0.8714584564249395
26732,0.08822518914544915,0.8936222919696118,0.018152518884939062
26733,0.03522893778961881,0.06229471577325482,0.9024763464371264
26734,0.07298644356579934,0.17672631013392823,0.7502872463002724
26735,0.05448361004438247,0.1032529996738656,0.842263390281752
26736,0.08804566323494561,0.19842364065611018,0.7135306961089443
26737,0.18888918064416751,0.146942104725974,0.6641687146298585
26738,0.03278179616541691,0.05771028142026243,0.9095079224143207
26739,0.6334436888490872,0.06333612282607129,0.30322018832484154
26740,0.04732999449504062,0.07143792876344596,0.8812320767415134
26741,0.08770083954151903,0.8653445128789892,0.046954647579491776
26742,0.041540757640938106,0.23008894382420159,0.7283702985348603
26743,0.13205460092946153,0.12368954490906352,0.744255854161475
26744,0.1440838547063035,0.1734669556087658,0.6824491896849307
26745,0.04558323752522621,0.09549830497214373,0.85891845750263
26746,0.40387353888208594,0.17472408626637806,0.42140237485153603
26747,0.06055648599630706,0.58273131027566,0.3567122037280329
26748,0.36261857096859706,0.39520570294426455,0.2421757260871385
26749,0.05074635311259621,0.2129586924566872,0.7362949544307167
26750,0.04434427490054123,0.08324880986121823,0.8724069152382405
26751,0.05774466930567716,0.10437071038509342,0.8378846203092294
26752,0.05821795455673642,0.583783608792162,0.35799843665110165
26753,0.06303764780973195,0.09779051089355545,0.8391718412967126
26754,0.050264229713360684,0.051518540040885415,0.898217230245754
26755,0.04207263553224211,0.09942239801035922,0.8585049664573987
26756,0.2118042069263403,0.1046160090567104,0.6835797840169493
26757,0.0975720116983129,0.09254544611386875,0.8098825421878184
26758,0.15255425398841205,0.3611525608692253,0.48629318514236264
26759,0.08105961493512945,0.18227015080243864,0.7366702342624319
26760,0.3361605514688085,0.18632843056472076,0.4775110179664707
26761,0.04842591549214692,0.11370787085759734,0.8378662136502557
26762,0.03397834436673865,0.07279045136832354,0.893231204264938
26763,0.0431389909246602,0.09135442227424972,0.86550658680109
26764,0.05304377171771324,0.08786582888809413,0.8590903993941926
26765,0.05835858572415954,0.09152684593533364,0.8501145683405068
26766,0.057099819696105086,0.46921358963706994,0.473686590666825
26767,0.12438444540695029,0.1290101457030177,0.746605408890032
26768,0.06719246282555302,0.9139417741173244,0.01886576305712255
26769,0.20354603854902614,0.16249592673684904,0.6339580347141248
26770,0.12280854095553034,0.13174588759774752,0.7454455714467221
26771,0.1316413504977213,0.8425849683608937,0.025773681141385014
26772,0.523180461129731,0.06338985126129419,0.4134296876089748
26773,0.10373860606046381,0.15057651861934024,0.7456848753201959
26774,0.09490307968710704,0.1392420970697231,0.7658548232431698
26775,0.04087906061655097,0.240463011244056,0.718657928139393
26776,0.04560790564195484,0.07980002083379936,0.8745920735242458
26777,0.046049907774872986,0.0645329125414526,0.8894171796836744
26778,0.05759337913227451,0.08325514596899593,0.8591514748987296
26779,0.039081772803841744,0.08829176223008758,0.8726264649660707
26780,0.058964457450412726,0.09995258921419403,0.8410829533353932
26781,0.043476135958553125,0.15487838123446407,0.8016454828069828
26782,0.034306542458116915,0.06088111288244967,0.9048123446594335
26783,0.2641886156433655,0.14574968350896106,0.5900617008476735
26784,0.05993685278520492,0.5619089475235435,0.3781541996912515
26785,0.06629585532629578,0.1829832769752631,0.7507208676984412
26786,0.5543691758981977,0.062480331285139905,0.3831504928166624
26787,0.02190025402865213,0.047386572253409774,0.9307131737179382
26788,0.16196080995228535,0.1946575570233537,0.643381633024361
26789,0.09663461683631278,0.4970491909726024,0.4063161921910849
26790,0.05889150444662776,0.21456152195803274,0.7265469735953395
26791,0.03549671724565101,0.06985995995685482,0.8946433227974941
26792,0.08979573488649999,0.120407130809535,0.789797134303965
26793,0.04340547564768094,0.15763178810767836,0.7989627362446406
26794,0.044866473470950075,0.08524746642360014,0.8698860601054497
26795,0.055808232917709366,0.3589828355460926,0.585208931536198
26796,0.10944658636000486,0.8748777414176623,0.015675672222332845
26797,0.05630401519680034,0.3687569262653889,0.5749390585378107
26798,0.55635486748302,0.09306117559518846,0.3505839569217916
26799,0.15818015728376278,0.11236159539222279,0.7294582473240144
26800,0.10378615018240037,0.879344905902956,0.01686894391464359
26801,0.05184858932496356,0.7027509254978539,0.24540048517718255
26802,0.09416807558475404,0.0892260014276969,0.8166059229875491
26803,0.04581272041422675,0.22711960981502682,0.7270676697707464
26804,0.049308905490570064,0.17591919459358799,0.7747718999158419
26805,0.03875886682593468,0.08703596074088345,0.8742051724331819
26806,0.06394058879079999,0.19952888570469068,0.7365305255045094
26807,0.044601924117279694,0.07705848683519738,0.878339589047523
26808,0.05125428853039014,0.22958310107429092,0.7191626103953188
26809,0.07638797582379998,0.193666788069727,0.7299452361064731
26810,0.046377738314122126,0.2128242620050536,0.7407979996808243
26811,0.035706089843295014,0.061520208883359614,0.9027737012733454
26812,0.0391710482843268,0.07192933239388122,0.888899619321792
26813,0.0807408671366483,0.3539273529328969,0.5653317799304547
26814,0.09168055288663784,0.1260425602471127,0.7822768868662494
26815,0.07494517453252987,0.1841856723668051,0.740869153100665
26816,0.061875435680695826,0.4821244234196832,0.45600014089962093
26817,0.04806058522846661,0.06775631608138749,0.884183098690146
26818,0.13788912294893393,0.09393975978061062,0.7681711172704555
26819,0.06571616229411731,0.1848368827955274,0.7494469549103553
26820,0.129277485333726,0.8374994818466611,0.033223032819612905
26821,0.08099072445764527,0.90099483852076,0.01801443702159474
26822,0.055761363626767965,0.3622492218278059,0.5819894145454261
26823,0.04550590975188575,0.08557648114184575,0.8689176091062686
26824,0.05104653578545124,0.08404805360720118,0.8649054106073477
26825,0.04983512396554267,0.07902877961118701,0.8711360964232703
26826,0.06294814621788015,0.09358032097717858,0.8434715328049412
26827,0.07133345272968014,0.189738083211688,0.7389284640586318
26828,0.06505746107433519,0.20066391290959096,0.7342786260160739
26829,0.04054798311468633,0.07768136700802797,0.8817706498772857
26830,0.03788055417273857,0.07335367360961922,0.8887657722176423
26831,0.05872067214261434,0.09267405498656778,0.8486052728708179
26832,0.025973522986938738,0.04416708630992121,0.92985939070314
26833,0.037381136826108524,0.0771610628842038,0.8854578002896877
26834,0.052408366518321384,0.20793226731178904,0.7396593661698896
26835,0.5984978396167074,0.07234115873656781,0.3291610016467248
26836,0.08649580004912724,0.6096137517358274,0.30389044821504535
26837,0.10602912958730405,0.08271772311160816,0.8112531473010878
26838,0.09867659043406798,0.5378138059411267,0.3635096036248054
26839,0.6209682055439902,0.06090319424452807,0.31812860021148165
26840,0.15167832768979492,0.20585665074640297,0.6424650215638021
26841,0.039029145485948206,0.07283000298623404,0.8881408515278177
26842,0.04707715135749027,0.14559446631565562,0.8073283823268541
26843,0.06218704711697878,0.12496799799318425,0.8128449548898371
26844,0.05523918156457347,0.5938595144901438,0.3509013039452826
26845,0.4783059948523942,0.06089374555156999,0.46080025959603577
26846,0.03531680696040732,0.07622366056832841,0.8884595324712642
26847,0.07742998042858976,0.18459848744256932,0.7379715321288409
26848,0.12394524414149179,0.09630880962362583,0.7797459462348824
26849,0.25742580548596455,0.08285952035559692,0.6597146741584384
26850,0.11426248384346097,0.22542498780089207,0.660312528355647
26851,0.09099270245596443,0.16027646438965226,0.7487308331543834
26852,0.054487932041976495,0.7042837091271916,0.24122835883083182
26853,0.049493614326622325,0.07779137773611455,0.8727150079372632
26854,0.08520419884385011,0.8989053859384049,0.01589041521774506
26855,0.0621066936821153,0.16795736736219852,0.7699359389556862
26856,0.23289976151181815,0.07583858096240062,0.6912616575257813
26857,0.08409185416686159,0.30002917172989735,0.6158789741032411
26858,0.03588600455921993,0.790015661857335,0.1740983335834451
26859,0.052179721659407756,0.6152078537003176,0.3326124246402746
26860,0.05162353481504358,0.7154684679091861,0.23290799727577036
26861,0.06897492135494546,0.3279775686886705,0.603047509956384
26862,0.09089719479084722,0.15737709908221448,0.7517257061269382
26863,0.03981940946985489,0.08106336227122536,0.8791172282589198
26864,0.05356778309142191,0.27854325826852616,0.6678889586400518
26865,0.06039467558967921,0.11610300203763448,0.8235023223726863
26866,0.04342671380231175,0.132455234564118,0.8241180516335703
26867,0.05837665667840754,0.09198792174206459,0.8496354215795279
26868,0.04072218362829451,0.07916190384725706,0.8801159125244484
26869,0.03862120515183391,0.05298745453059773,0.9083913403175684
26870,0.03144347398105253,0.8066846840177893,0.16187184200115812
26871,0.5520643881467108,0.06834610702683845,0.3795895048264508
26872,0.05318554556163664,0.08682869718479644,0.8599857572535669
26873,0.05399804319940249,0.11867166737872728,0.8273302894218701
26874,0.060870224075954785,0.5661011162767383,0.3730286596473068
26875,0.0529981515685323,0.24224252399483848,0.7047593244366293
26876,0.03706551133729692,0.06950067936960809,0.8934338092930949
26877,0.039956233780151805,0.06299519332991055,0.8970485728899378
26878,0.0922462974141917,0.14728408575462254,0.7604696168311857
26879,0.04186559229864673,0.18487340667595542,0.7732610010253977
26880,0.32870504945540346,0.08038387945311745,0.5909110710914791
26881,0.03616559405509899,0.08027702923483064,0.8835573767100704
26882,0.512139783278477,0.06448259719508447,0.4233776195264386
26883,0.07998909983863972,0.1696047593889945,0.7504061407723657
26884,0.05710378140434276,0.558170457580904,0.3847257610147533
26885,0.3127185816743399,0.0881013796603176,0.5991800386653424
26886,0.040505269639903335,0.06509038300303228,0.8944043473570644
26887,0.05801545223008379,0.09088310097746549,0.8511014467924507
26888,0.12499255543425496,0.1998729220627938,0.6751345225029513
26889,0.047194593976273874,0.07886073416833908,0.873944671855387
26890,0.056831017150776195,0.21041653063227564,0.7327524522169482
26891,0.06428242476508925,0.5891863304120741,0.3465312448228366
26892,0.113597900642004,0.16331385445567648,0.7230882449023196
26893,0.069308072480834,0.1223620358467723,0.8083298916723938
26894,0.04177016828552267,0.12936317660399793,0.8288666551104794
26895,0.0868713195549734,0.37969991720818363,0.533428763236843
26896,0.09070527543037077,0.16098240518579066,0.7483123193838386
26897,0.044255029698496005,0.2254045959739886,0.7303403743275153
26898,0.0371218354307838,0.07133608629982971,0.8915420782693865
26899,0.07796595274490449,0.1855398898152188,0.7364941574398767
26900,0.04620545426702529,0.2733747712312746,0.6804197745017001
26901,0.03314157654670974,0.2203150067658315,0.7465434166874587
26902,0.04033623823580258,0.06414982176986614,0.8955139399943314
26903,0.05312931895234092,0.09488436411269692,0.8519863169349623
26904,0.37966857072085447,0.5648770529460803,0.055454376333065256
26905,0.08291021130340394,0.11193406455160744,0.8051557241449887
26906,0.04116226293328897,0.0854757662340198,0.8733619708326912
26907,0.03466387303148767,0.053865222553324106,0.9114709044151882
26908,0.053044543066149065,0.20308915038388647,0.7438663065499644
26909,0.05361812738247211,0.6851536750591636,0.2612281975583644
26910,0.08415881300274596,0.16213685399135402,0.7537043330058999
26911,0.0528096700590465,0.08301576460397724,0.8641745653369761
26912,0.03680863243915654,0.07851170273572156,0.884679664825122
26913,0.3178936420479817,0.07796953190681573,0.6041368260452026
26914,0.04195547454207914,0.16369639196358776,0.7943481334943331
26915,0.10249766730539414,0.12160497822637494,0.7758973544682309
26916,0.3166321398232236,0.6647328426288296,0.018635017547946803
26917,0.039993898463273184,0.16770379725280452,0.7923023042839222
26918,0.06892462617417955,0.0922741278839511,0.8388012459418693
26919,0.6314190134208728,0.13033607111121284,0.23824491546791446
26920,0.04720936415087754,0.16167312033293574,0.7911175155161867
26921,0.027023772629457644,0.6895383133112122,0.28343791405933016
26922,0.05870975196023321,0.6823932130685213,0.25889703497124555
26923,0.03881673238025632,0.07390595999353892,0.8872773076262047
26924,0.042024705900246886,0.08549116481492346,0.8724841292848297
26925,0.04033851960797391,0.07214555708845051,0.8875159233035755
26926,0.08574399212536939,0.2104308000299254,0.7038252078447053
26927,0.0923867754720056,0.3469242036984429,0.5606890208295514
26928,0.03463426572217996,0.9512293984400368,0.01413633583778331
26929,0.04901284331709113,0.08021586680191892,0.87077128988099
26930,0.04403316317313139,0.7089813186367118,0.24698551819015693
26931,0.0994310992181109,0.8840154530825066,0.01655344769938265
26932,0.05678032291937628,0.6084483095674575,0.33477136751316616
26933,0.5680099458059021,0.08836784871297429,0.3436222054811236
26934,0.08390335902702742,0.09383944591948809,0.8222571950534845
26935,0.04334817194072246,0.08517479861901499,0.8714770294402625
26936,0.03226800797008807,0.06541206938402702,0.902319922645885
26937,0.08689681402112684,0.1797444158591952,0.7333587701196779
26938,0.2340951892590678,0.7140654988987702,0.05183931184216188
26939,0.3690146684879051,0.6113387774241352,0.019646554087959702
26940,0.13576793583755728,0.1799571180984644,0.6842749460639783
26941,0.05476733394812823,0.1758193009023546,0.7694133651495172
26942,0.05056630801634297,0.08657275706356476,0.8628609349200922
26943,0.0533894323160695,0.36342694754694593,0.5831836201369845
26944,0.06233219672076908,0.0951833089197316,0.8424844943594992
26945,0.07642067724720641,0.5510034255634059,0.37257589718938766
26946,0.03883021771460786,0.08488879289338301,0.8762809893920092
26947,0.05711028229994013,0.14428958063729963,0.7986001370627603
26948,0.0629348664948389,0.20603905449138094,0.73102607901378
26949,0.27207641354046563,0.07505775711054957,0.6528658293489848
26950,0.21588736480324933,0.12800083275491664,0.656111802441834
26951,0.49330687252786265,0.28028357141809224,0.22640955605404506
26952,0.11797251028031641,0.18593259280212673,0.6960948969175569
26953,0.03840287346967976,0.0483662286228356,0.9132308979074847
26954,0.03908244772428015,0.08808421835603557,0.8728333339196842
26955,0.04623971999819266,0.6196944857925526,0.33406579420925464
26956,0.11085241778006569,0.2108591738655554,0.678288408354379
26957,0.769094670334775,0.08837545321889007,0.142529876446335
26958,0.32551327562786087,0.12885076049418503,0.5456359638779541
26959,0.05961584587157397,0.19296002363598505,0.7474241304924409
26960,0.062063734346979885,0.10339122598692072,0.8345450396660994
26961,0.034470767425934516,0.07318095663947607,0.8923482759345894
26962,0.05285686090595069,0.6458049699431648,0.3013381691508844
26963,0.47020036333736726,0.09854894713449175,0.431250689528141
26964,0.08503477936350443,0.17542123111376295,0.7395439895227326
26965,0.059688879690850405,0.5614214796364166,0.378889640672733
26966,0.09070527543037077,0.16098240518579066,0.7483123193838386
26967,0.05262915762592416,0.0837947878751716,0.8635760544989043
26968,0.09159574878488935,0.1719314186542626,0.7364728325608481
26969,0.034003530060054785,0.0657152575075076,0.9002812124324375
26970,0.05579300883638033,0.09451184342636854,0.8496951477372512
26971,0.04312856402418621,0.23269389353167666,0.7241775424441372
26972,0.14269203974046724,0.4844096152331024,0.3728983450264304
26973,0.09673663512843672,0.1482419922149974,0.7550213726565659
26974,0.05923652938341101,0.07360964998905122,0.8671538206275378
26975,0.04040724242841644,0.06880017445849243,0.8907925831130912
26976,0.12161467444080132,0.8558096021426407,0.022575723416557916
26977,0.08241854427991516,0.17875512323719117,0.7388263324828936
26978,0.05899641236387147,0.22269767595634005,0.7183059116797885
26979,0.08254532746758847,0.19031267665848237,0.7271419958739292
26980,0.07830597516425664,0.11505448473090983,0.8066395401048335
26981,0.08794966932858414,0.4800399871974354,0.4320103434739805
26982,0.05746555427642661,0.1013034390503949,0.8412310066731785
26983,0.09348047540081046,0.17736271119561148,0.729156813403578
26984,0.06461614277149522,0.11215459546141757,0.8232292617670872
26985,0.06727240784795221,0.41632628696455354,0.5164013051874943
26986,0.06394799878192788,0.06929912702014193,0.8667528741979302
26987,0.05763185660058047,0.7646263300283425,0.17774181337107708
26988,0.08439692515717573,0.48406656864635506,0.43153650619646927
26989,0.08089255026699257,0.42955531682596454,0.48955213290704286
26990,0.04166412871458487,0.05906084721230791,0.8992750240731072
26991,0.04071269963522446,0.07595812445443524,0.8833291759103403
26992,0.0987664243177207,0.4838905281725978,0.41734304750968143
26993,0.043452868306805885,0.11960818682230484,0.8369389448708893
26994,0.15484178186087683,0.10848829388282559,0.7366699242562975
26995,0.04591556660237104,0.22094274732220548,0.7331416860754235
26996,0.03918506151171425,0.07750382401644659,0.8833111144718392
26997,0.22938954513388954,0.43414006316717496,0.33647039169893556
26998,0.3253947069812984,0.0835056552613778,0.5910996377573239
26999,0.5665987998794719,0.08553654017076018,0.34786465994976795
27000,0.05610117234098858,0.4975405600748267,0.4463582675841848
27001,0.06096335778157144,0.4397198088577214,0.4993168333607072
27002,0.05683311413365141,0.308831985663215,0.6343349002031335
27003,0.10994534418074287,0.20776008333932378,0.6822945724799334
27004,0.0815542266592979,0.14174934071964987,0.7766964326210524
27005,0.05930454343168233,0.40460554386400027,0.5360899127043174
27006,0.03775985117417914,0.07169965641265212,0.8905404924131687
27007,0.08131484098944136,0.6062587512703481,0.31242640774021047
27008,0.06361259125437871,0.204321100393291,0.7320663083523303
27009,0.049891434769295785,0.2235364746588134,0.7265720905718909
27010,0.043241638394977785,0.08664739002987257,0.8701109715751496
27011,0.140857060293411,0.5695983277856861,0.28954461192090286
27012,0.03543414933858592,0.05320518695156807,0.911360663709846
27013,0.27103437257734003,0.09549592792424463,0.6334696994984154
27014,0.06780457261882117,0.5683586136771986,0.36383681370398024
27015,0.09691073351333504,0.4734597326818947,0.4296295338047703
27016,0.04213663896562567,0.07587668795376469,0.8819866730806096
27017,0.03470286159902229,0.06831161398024876,0.8969855244207289
27018,0.13057194634108585,0.08555664076828447,0.7838714128906296
27019,0.09155598996290214,0.16330118945746988,0.745142820579628
27020,0.05919809519662761,0.3258616417440906,0.6149402630592818
27021,0.05864813278270487,0.3724303432522313,0.5689215239650639
27022,0.03624800505287078,0.05561980590926645,0.9081321890378626
27023,0.10891523944662698,0.46082979961447085,0.4302549609389022
27024,0.07978068412940621,0.15700555305487063,0.7632137628157232
27025,0.24953372012988742,0.08824138877900342,0.6622248910911092
27026,0.040702358888537404,0.09883717186361193,0.8604604692478507
27027,0.06901426277892651,0.06465572853991104,0.8663300086811625
27028,0.491084076147951,0.09131611674221057,0.41759980710983835
27029,0.037789875587001795,0.09400025406008937,0.8682098703529089
27030,0.08618669635358195,0.47726486498516935,0.4365484386612487
27031,0.5681232841907717,0.20512388189813507,0.22675283391109322
27032,0.3101932532186913,0.09097867666838688,0.5988280701129217
27033,0.08026912001204947,0.09006912004479976,0.8296617599431507
27034,0.11394349609956658,0.17883913246831545,0.7072173714321179
27035,0.5974221549116725,0.07069315933596354,0.331884685752364
27036,0.04115637042229703,0.06927068377904208,0.889572945798661
27037,0.25587590968052865,0.20235789105392965,0.5417661992655417
27038,0.03775861879895573,0.07803982615582467,0.8842015550452196
27039,0.5359558802821793,0.09825117984063661,0.36579293987718403
27040,0.05249326279579141,0.08517972613951658,0.862327011064692
27041,0.043390385133301436,0.07465294210267637,0.8819566727640222
27042,0.221306446671181,0.7525476347261153,0.02614591860270372
27043,0.034385505352291325,0.06571868603104232,0.8998958086166664
27044,0.04296815946631453,0.06857347440126645,0.888458366132419
27045,0.07072285034665922,0.07419461528455665,0.855082534368784
27046,0.06972975228139988,0.08873281998375927,0.8415374277348409
27047,0.10592396331892351,0.4525103522207626,0.4415656844603139
27048,0.4682746196766638,0.5133673666572187,0.018358013666117504
27049,0.10854022623705693,0.44874089026695846,0.44271888349598465
27050,0.04902256509909163,0.0958558222386175,0.8551216126622909
27051,0.07649978056166466,0.47291607587221085,0.45058414356612453
27052,0.04698202294557743,0.06653797894462443,0.886479998109798
27053,0.06507789746884084,0.20258344161056197,0.7323386609205972
27054,0.06937862316334888,0.09089629463830136,0.8397250821983498
27055,0.16763190259603208,0.8103944336965646,0.02197366370740337
27056,0.12553525223576825,0.8555673688366494,0.018897378927582257
27057,0.05843321620212964,0.1955395577638802,0.7460272260339901
27058,0.46931433507787884,0.16901517145595232,0.36167049346616886
27059,0.10620954522415928,0.14017074681052352,0.7536197079653172
27060,0.08128480528446877,0.17441734329061861,0.7442978514249126
27061,0.6131548665110865,0.12531027543840587,0.26153485805050763
27062,0.3022490688634093,0.08249872513928125,0.6152522059973095
27063,0.04312029470354209,0.06417070439669903,0.8927090008997589
27064,0.03657188840715145,0.0500532676898032,0.9133748439030454
27065,0.0766161494085949,0.293982210131587,0.6294016404598182
27066,0.03836748069483616,0.056070476422948365,0.9055620428822155
27067,0.05179765951256504,0.0840505467112846,0.8641517937761504
27068,0.5529564728584673,0.06510076131589357,0.38194276582563924
27069,0.041958910641422154,0.07911499279505753,0.8789260965635204
27070,0.039262993161348694,0.06846245846492412,0.8922745483737272
27071,0.03917158817183483,0.05707173091196471,0.9037566809162005
27072,0.04163602169469156,0.2488830739879596,0.7094809043173489
27073,0.05744495045686905,0.15801223498495312,0.7845428145581779
27074,0.09882477335833939,0.34385568359218444,0.5573195430494762
