index,0,1,2
26457,0.09219244955664047,0.18067451108713006,0.7271330393562294
26458,0.31930236703801673,0.26299776790801654,0.4176998650539668
26459,0.0369536384014469,0.07002915124612187,0.8930172103524312
26460,0.06216107386037825,0.08146837212654597,0.8563705540130757
26461,0.10642059425611981,0.1797469977861499,0.7138324079577302
26462,0.042776700756758726,0.07220420658517214,0.8850190926580692
26463,0.5569614167028196,0.39922667379992466,0.04381190949725578
26464,0.07684693109659958,0.10435141796037939,0.818801650943021
26465,0.04303052556453079,0.08462779304132503,0.8723416813941441
26466,0.06256998323012435,0.36038463531946946,0.5770453814504062
26467,0.10828343170057039,0.14543081835294278,0.7462857499464868
26468,0.03683155863352494,0.06786951330805567,0.8952989280584194
26469,0.6233464790646032,0.11419586523544334,0.2624576556999534
26470,0.06175659090221925,0.20988902371631843,0.7283543853814624
26471,0.09274682289791365,0.11264827083593001,0.7946049062661563
26472,0.0689104339880787,0.19342840285137558,0.7376611631605456
26473,0.036275908349144105,0.0669733883922025,0.8967507032586535
26474,0.21057822237809568,0.7534188321322562,0.03600294548964808
26475,0.3399141551362175,0.2377806455357914,0.422305199327991
26476,0.03856279471963137,0.0713885647109582,0.8900486405694105
26477,0.24693695994433768,0.1297907571062838,0.6232722829493785
26478,0.05259399239053746,0.07008144993844964,0.877324557671013
26479,0.05124565419541446,0.08948013379135915,0.8592742120132264
26480,0.05540827900160912,0.0664929884136644,0.8780987325847265
26481,0.06540899336816172,0.3958606468403299,0.5387303597915084
26482,0.14091163686115446,0.09354675777180996,0.7655416053670355
26483,0.056242793331388305,0.15242449653339774,0.7913327101352139
26484,0.08510663251241578,0.1262233681412743,0.7886699993463099
26485,0.049441360450742156,0.05663486973657888,0.893923769812679
26486,0.08730254407550198,0.12075801931313807,0.7919394366113601
26487,0.06684283631851962,0.1295749643169967,0.8035821993644837
26488,0.3030577855723958,0.6506898380722649,0.046252376355339395
26489,0.06391235201569398,0.26678929097160486,0.6692983570127011
26490,0.061606497603659924,0.17327942994371556,0.7651140724526246
26491,0.04162973605579747,0.07699933583982753,0.881370928104375
26492,0.0661958981869064,0.364517891004184,0.5692862108089097
26493,0.4156109672819703,0.5445759774510148,0.03981305526701495
26494,0.11565938563047601,0.39943610882810926,0.48490450554141473
26495,0.036151322500823285,0.06819362946006961,0.895655048039107
26496,0.10380423066394967,0.19205913346794107,0.7041366358681092
26497,0.01972478890938473,0.919055365996935,0.06121984509368032
26498,0.16184548563532627,0.6004541090113062,0.23770040535336742
26499,0.0962723310195316,0.11581503218411181,0.7879126367963567
26500,0.07374877864214613,0.481616075282553,0.4446351460753009
26501,0.0971587480940463,0.3645816064380345,0.5382596454679193
26502,0.05021722566937392,0.056276872085925134,0.8935059022447007
26503,0.1005391023346466,0.5099655084913007,0.38949538917405263
26504,0.09115067432315799,0.1805779221821612,0.7282714034946809
26505,0.04288846267196093,0.08171367232184155,0.8753978650061974
26506,0.10025311213170274,0.8594531797651154,0.04029370810318182
26507,0.08519291094887983,0.8847718948771993,0.030035194173920948
26508,0.09290979325123877,0.33415821749904945,0.5729319892497118
26509,0.07022429733583192,0.10026814380099927,0.8295075588631688
26510,0.044607749118194436,0.2575029839930303,0.6978892668887753
26511,0.04657915591050347,0.07498572024113563,0.8784351238483609
26512,0.10441692772171142,0.1082539856941431,0.7873290865841455
26513,0.10584874521040497,0.18465843062381326,0.7094928241657817
26514,0.04406224631467674,0.0674074550726438,0.8885302986126794
26515,0.4715012059276462,0.07295085251654268,0.45554794155581124
26516,0.0635784916430367,0.25678184406618765,0.6796396642907757
26517,0.217551136739423,0.7413289140729084,0.04111994918766872
26518,0.06005536276456936,0.08254752838448064,0.85739710885095
26519,0.48966833290746226,0.09978044676063394,0.41055122033190383
26520,0.017289304830356608,0.9123920943706698,0.07031860079897345
26521,0.0672711026904126,0.2319186293072222,0.7008102680023651
26522,0.2187565873013162,0.1403689220586958,0.640874490639988
26523,0.06946403320518704,0.14963113676588033,0.7809048300289326
26524,0.05788561328347365,0.31427658490135607,0.6278378018151702
26525,0.20185664453024835,0.1651048193777041,0.6330385360920475
26526,0.03477686156337031,0.06633170664135285,0.8988914317952768
26527,0.10839078821727477,0.44643292912152005,0.44517628266120524
26528,0.08956804498148412,0.8807325009322512,0.029699454086264745
26529,0.39871262653091877,0.11847693063062888,0.4828104428384524
26530,0.06624716144195605,0.1118945916217322,0.8218582469363117
26531,0.0505748753125378,0.15609517837172923,0.793329946315733
26532,0.26764854045871567,0.11472210184321686,0.6176293576980674
26533,0.09692720758406383,0.11142827484591132,0.7916445175700247
26534,0.0421620135223483,0.0778215087287225,0.8800164777489292
26535,0.035795613608058496,0.06727106218151811,0.8969333242104234
26536,0.08763546887333087,0.17950517288038442,0.7328593582462848
26537,0.04713810379129049,0.06586120976550344,0.887000686443206
26538,0.05972405957194665,0.34179480253946176,0.5984811378885917
26539,0.053868255286408324,0.14394310325724438,0.8021886414563472
26540,0.1532302589303838,0.4103736890531593,0.4363960520164569
26541,0.045574615702633194,0.0999086417429509,0.8545167425544159
26542,0.07921124015119972,0.17129764092035113,0.749491118928449
26543,0.0565940266956124,0.06929811227373196,0.8741078610306556
26544,0.1124413967444441,0.16581399136916047,0.7217446118863955
26545,0.10226285164856355,0.42296340427628526,0.47477374407515116
26546,0.06460757099551125,0.10001363460586707,0.8353787943986217
26547,0.04177700716902914,0.06054738251009071,0.8976756103208802
26548,0.03949237262648274,0.06609423139068095,0.8944133959828362
26549,0.1005962219268803,0.8649884112617878,0.03441536681133181
26550,0.051806833719367555,0.17826934665910318,0.7699238196215292
26551,0.03878888693836541,0.1812432227615513,0.7799678903000834
26552,0.05111580289986029,0.16442409744628328,0.7844600996538565
26553,0.05629092207141865,0.08013095820421472,0.8635781197243666
26554,0.08069712529710123,0.3549331020435063,0.5643697726593925
26555,0.11938411367898913,0.1075611643526237,0.7730547219683872
26556,0.04563400223451988,0.257579739060038,0.6967862587054421
26557,0.07109104376160981,0.10223427049346254,0.8266746857449278
26558,0.6443649901537974,0.07988630154648066,0.275748708299722
26559,0.3049169973582611,0.08876676646168057,0.6063162361800584
26560,0.07480075571081207,0.13579838835166527,0.7894008559375226
26561,0.054646417176749555,0.19842193382256415,0.7469316490006863
26562,0.048078270197310854,0.07998095552264688,0.8719407742800422
26563,0.04772502014552678,0.07169260596761654,0.8805823738868567
26564,0.07419893354261232,0.12205986975767824,0.8037411966997093
26565,0.09707046408943637,0.4014472970482295,0.5014822388623341
26566,0.12214513516540512,0.18671733512982186,0.6911375297047729
26567,0.04227356111300615,0.08055374368317832,0.8771726952038155
26568,0.38212117148575664,0.5702988510779428,0.04757997743630059
26569,0.03609548039875451,0.06395102000064659,0.8999534996005989
26570,0.09524668188992108,0.49405321499873456,0.4107001031113443
26571,0.035198419995009375,0.06665844312683539,0.8981431368781553
26572,0.07389633771892538,0.16605606419503105,0.7600475980860435
26573,0.07671430576592772,0.10824094030147491,0.8150447539325973
26574,0.2445749332411543,0.0992211756531749,0.6562038911056707
26575,0.10917242901052192,0.12941651660194403,0.761411054387534
26576,0.06591234205875648,0.07491584263769957,0.859171815303544
26577,0.06837506957011151,0.12986810777572452,0.801756822654164
26578,0.19700167419430567,0.351124697041976,0.4518736287637182
26579,0.17396733291580604,0.7835787217751315,0.0424539453090623
26580,0.061456651120323835,0.08794039668931479,0.8506029521903614
26581,0.09249881886674212,0.12658948150999683,0.7809116996232609
26582,0.03620665532801972,0.06138590794183772,0.9024074367301427
26583,0.037730610546757956,0.06724344616266567,0.8950259432905763
26584,0.06544486927362957,0.18846578487397864,0.7460893458523917
26585,0.0940111871103627,0.680794376261051,0.2251944366285863
26586,0.4288509332683615,0.2253211663123691,0.3458279004192694
26587,0.21800456318254424,0.4666496431832391,0.3153457936342167
26588,0.056710940892917054,0.13576470550639255,0.8075243536006903
26589,0.09988327257889108,0.1282343964583634,0.7718823309627455
26590,0.10255489052002208,0.45752031849794517,0.43992479098203285
26591,0.11462599181095862,0.851674118196261,0.03369988999278033
26592,0.5373543141815061,0.08734933517130496,0.37529635064718897
26593,0.047610562424065646,0.43997888987315215,0.5124105477027822
26594,0.07618433316963706,0.09295450438900608,0.8308611624413569
26595,0.034298952598239625,0.06608970345573972,0.8996113439460206
26596,0.0691604041615575,0.13342140288215748,0.7974181929562851
26597,0.23804214407254434,0.44822181716933623,0.31373603875811934
26598,0.06489737794815875,0.15084518120710452,0.7842574408447367
26599,0.060858120697399896,0.08441885771804676,0.8547230215845534
26600,0.03517036328390729,0.06608515791154344,0.8987444788045493
26601,0.060718426754112265,0.17437578181209773,0.7649057914337899
26602,0.0701072093673804,0.14910197910764314,0.7807908115249765
26603,0.061377694827479685,0.14814094827202115,0.7904813569004993
26604,0.05938905327124402,0.1165145886951883,0.8240963580335677
26605,0.06377591726050275,0.1055904370553906,0.8306336456841067
26606,0.08207149818167025,0.282315505645672,0.6356129961726577
26607,0.1410382808983682,0.8252424971362753,0.033719221965356344
26608,0.061384214468317724,0.0865028650563956,0.8521129204752866
26609,0.05770197505289468,0.08754777490568226,0.8547502500414231
26610,0.3499451769717885,0.5663999748577356,0.08365484817047573
26611,0.10336283504914061,0.2270921483920385,0.6695450165588208
26612,0.09172382171583686,0.37873294665763424,0.5295432316265288
26613,0.07692011239357997,0.2201945560445463,0.7028853315618738
26614,0.07753977377506763,0.14101639206865124,0.7814438341562813
26615,0.07528658957286488,0.1266826123642861,0.798030798062849
26616,0.03510559910887639,0.06427408335037305,0.9006203175407506
26617,0.10221724277616881,0.1663172868279632,0.7314654703958681
26618,0.10541544905409854,0.10819319276091635,0.7863913581849851
26619,0.1902698844176729,0.12890032543855132,0.6808297901437758
26620,0.10167914569581245,0.8611908188905076,0.03713003541368
26621,0.04125712677260427,0.053802633296628696,0.9049402399307671
26622,0.10135113516113636,0.5862605904640524,0.31238827437481126
26623,0.04692928991194885,0.4788146000127458,0.4742561100753052
26624,0.04743916031920379,0.07597735633109827,0.8765834833496979
26625,0.7007387884681849,0.07039236687567028,0.2288688446561447
26626,0.2597287324854842,0.10877686684573182,0.631494400668784
26627,0.052035753861299015,0.07298412765728744,0.8749801184814135
26628,0.03698477059625668,0.07237223489096115,0.8906429945127822
26629,0.03543584259078366,0.06396933553783249,0.9005948218713838
26630,0.039155474265592974,0.07066650184435108,0.890178023890056
26631,0.04495048505744954,0.07380256023312007,0.8812469547094304
26632,0.5149936231358392,0.0860920526164891,0.3989143242476717
26633,0.047840445237732974,0.07383829894214874,0.8783212558201183
26634,0.036155415990090756,0.06699355080039775,0.8968510332095115
26635,0.05361807514236058,0.274434497849518,0.6719474270081214
26636,0.05963300786541165,0.32460993517211845,0.6157570569624699
26637,0.037544353015686587,0.08132600145685656,0.8811296455274569
26638,0.04444690171505094,0.8072203507117395,0.1483327475732096
26639,0.16737157842014158,0.5333907569453914,0.29923766463446705
26640,0.22249463939668626,0.1217770418159969,0.6557283187873169
26641,0.11489209513076057,0.677598581800259,0.20750932306898032
26642,0.04463530852653632,0.06893973083414148,0.8864249606393223
26643,0.07013640973801395,0.2545315337793314,0.6753320564826547
26644,0.060000998338794645,0.14441789235584349,0.7955811093053617
26645,0.045363774848059216,0.08199836804965462,0.8726378571022861
26646,0.6430238735528099,0.11534329541281299,0.24163283103437722
26647,0.05115318867700551,0.07477228781506283,0.8740745235079317
26648,0.06380578245350156,0.6399599575570923,0.2962342599894061
26649,0.061408713881056655,0.09077017583397305,0.8478211102849703
26650,0.5414752438590238,0.4078994316341384,0.05062532450683776
26651,0.18594175181490805,0.6453584494602461,0.16869979872484578
26652,0.32378984238354125,0.0827129111794306,0.5934972464370282
26653,0.28612359207886273,0.09768437480988688,0.6161920331112505
26654,0.09822327398417922,0.5918441068749708,0.30993261914084996
26655,0.0685298523544822,0.32485213811999625,0.6066180095255217
26656,0.06392469123293637,0.10838811783693068,0.827687190930133
26657,0.07105106881248463,0.3090944235970283,0.6198545075904871
26658,0.06291449383025433,0.35731003404831807,0.5797754721214277
26659,0.17701299100733478,0.1897086815134296,0.6332783274792355
26660,0.06260895698196207,0.2683761775920688,0.669014865425969
26661,0.14943875151211047,0.12689421654384803,0.7236670319440417
26662,0.054268708319342884,0.2439573973018872,0.7017738943787699
26663,0.19721751308469462,0.1663585142710585,0.6364239726442469
26664,0.0913989330436337,0.0966617801815909,0.8119392867747754
26665,0.20661573843547654,0.16077473739324852,0.6326095241712749
26666,0.08498200502772822,0.47868746099165255,0.4363305339806193
26667,0.034825886164158305,0.0603808969965902,0.9047932168392514
26668,0.08125082576620599,0.634194062260082,0.2845551119737119
26669,0.1487738518368408,0.43632555355231845,0.4149005946108408
26670,0.18914843938818662,0.43448446088686427,0.3763670997249491
26671,0.08470413343846452,0.2911616894373796,0.6241341771241559
26672,0.03591559693300417,0.0667618496066012,0.8973225534603946
26673,0.09477419247307242,0.14879481319319696,0.7564309943337305
26674,0.6201936149522362,0.06263763916668941,0.3171687458810746
26675,0.04751088425637551,0.07917896113160365,0.8733101546120208
26676,0.04789687420504647,0.06734860836237591,0.8847545174325777
26677,0.035396293922888955,0.06618108330623118,0.8984226227708798
26678,0.06556104675587564,0.2700133821937081,0.6644255710504163
26679,0.22507806808601644,0.10320113296846012,0.6717207989455235
26680,0.05293217307960439,0.12616642858420868,0.8209013983361869
26681,0.04240540358025224,0.07704024415375187,0.8805543522659958
26682,0.05253584988931195,0.1090198429493303,0.8384443071613578
26683,0.04640665479518247,0.33120137924564275,0.6223919659591748
26684,0.06262620376927702,0.10441928645848184,0.8329545097722412
26685,0.25396140067176665,0.11389032031251464,0.6321482790157187
26686,0.04616796667019135,0.07460268437205912,0.8792293489577495
26687,0.13849341771250315,0.10989407372903656,0.7516125085584603
26688,0.22844283419281505,0.5380259441392,0.233531221667985
26689,0.08864993653627767,0.17972193201330297,0.7316281314504194
26690,0.036890614216303866,0.06383742747327704,0.8992719583104191
26691,0.10195398851408839,0.18334447969662407,0.7147015317892875
26692,0.04637426278285633,0.2870080731314654,0.6666176640856782
26693,0.3685838933531188,0.11565859052912392,0.5157575161177573
26694,0.6314723284094275,0.32992395369511035,0.038603717895462276
26695,0.04011308465371386,0.06436425589545554,0.8955226594508305
26696,0.036828700727742296,0.06750508519757459,0.8956662140746829
26697,0.03508934850861685,0.06923579278285276,0.8956748587085304
26698,0.05055775677113453,0.0615940858579821,0.8878481573708833
26699,0.08161889820790873,0.30445606716593415,0.6139250346261571
26700,0.05791160611880143,0.3284220070228354,0.6136663868583632
26701,0.09202402485997876,0.38044115132616,0.5275348238138613
26702,0.07041217031922242,0.31230887962211734,0.6172789500586601
26703,0.07039335112628377,0.11767339734632483,0.8119332515273915
26704,0.056483459624464785,0.07774788966270565,0.8657686507128295
26705,0.035594958916056386,0.06690846181224341,0.8974965792717002
26706,0.05275059358779286,0.0857533809812583,0.8614960254309488
26707,0.3682728750029616,0.09112898250445547,0.540598142492583
26708,0.06451794793242316,0.1382862247480034,0.7971958273195734
26709,0.03600397020835534,0.06335147097691435,0.9006445588147303
26710,0.2591293418594345,0.12006763314694463,0.6208030249936208
26711,0.2581617875334784,0.10729642110383039,0.6345417913626912
26712,0.0604504825261194,0.21439865687101378,0.7251508606028668
26713,0.10857787279394383,0.37222608904623333,0.5191960381598228
26714,0.08592347905588008,0.1603868629041001,0.7536896580400197
26715,0.05828181166225703,0.32247135361030727,0.6192468347274357
26716,0.08580398326286906,0.792187031598608,0.12200898513852289
26717,0.05514714153838288,0.18879334629350716,0.75605951216811
26718,0.07079424922216386,0.13885473438450696,0.7903510163933292
26719,0.07089120600891696,0.34931836271484434,0.5797904312762386
26720,0.11608951732162755,0.09619912623081954,0.787711356447553
26721,0.059563700243409914,0.3334276771702255,0.6070086225863647
26722,0.2529853229403475,0.11561692594664555,0.631397751113007
26723,0.06866770076052088,0.11794554554421566,0.8133867536952635
26724,0.10803255769359038,0.5457723044948979,0.34619513781151173
26725,0.04453319070386228,0.24719558628008415,0.7082712230160537
26726,0.10368873802652123,0.4389939236279123,0.4573173383455666
26727,0.04424228870552127,0.0871625533184875,0.8685951579759912
26728,0.07723698226440938,0.09156264022620857,0.8312003775093821
26729,0.08936032741535563,0.19371707906389588,0.7169225935207486
26730,0.13788529941577435,0.6313052131433243,0.23080948744090124
26731,0.045651007619961305,0.08249446617942334,0.8718545262006153
26732,0.09292068826946034,0.8682013745451975,0.03887793718534201
26733,0.041063229351170294,0.06440571492494701,0.8945310557238827
26734,0.09650133995481572,0.1714867191674065,0.7320119408777777
26735,0.05242770445016551,0.12511277014162037,0.8224595254082141
26736,0.11134945642585362,0.1764793492137788,0.7121711943603676
26737,0.1001981671176944,0.25133836305066426,0.6484634698316414
26738,0.039972582743053355,0.060504226698364805,0.8995231905585818
26739,0.4848760678088437,0.08485504703813695,0.43026888515301925
26740,0.04665574218471945,0.06969831154335229,0.8836459462719282
26741,0.07897336003680151,0.8081201374261389,0.1129065025370596
26742,0.048419838775653055,0.2392788089102632,0.7123013523140839
26743,0.10719673651397606,0.17301945803302798,0.7197838054529959
26744,0.10461856067781924,0.23427913560773458,0.6611023037144461
26745,0.04644837251483224,0.11278689286171703,0.8407647346234508
26746,0.36774329978035714,0.2320415036069785,0.40021519661266436
26747,0.06678779488334508,0.6316629514477289,0.30154925366892604
26748,0.29248325908921624,0.3989399872577598,0.3085767536530239
26749,0.05602844719939932,0.17518662190833115,0.7687849308922695
26750,0.04397272466469382,0.07767675006222499,0.8783505252730811
26751,0.05648743176513213,0.09050820577758885,0.8530043624572791
26752,0.069184119708813,0.49617794224703043,0.4346379380441565
26753,0.07335131571362064,0.10148836192599754,0.825160322360382
26754,0.05700299434825731,0.05596858197928977,0.887028423672453
26755,0.052453077403334554,0.11914433352696574,0.8284025890696998
26756,0.1267403363920012,0.11342448584466641,0.7598351777633324
26757,0.1041423324174286,0.12551403350895676,0.7703436340736145
26758,0.08932504655204394,0.3639159578840134,0.5467589955639427
26759,0.06336242351646258,0.17159333086812323,0.7650442456154143
26760,0.2611629602143287,0.17506716194396094,0.5637698778417104
26761,0.045832141350287806,0.0869388107483666,0.8672290479013456
26762,0.03632186439794023,0.06866739791342202,0.8950107376886378
26763,0.04005050116529408,0.07412457392213867,0.8858249249125671
26764,0.06323224858787482,0.10770367474769715,0.8290640766644279
26765,0.07207676095815446,0.12620698055090496,0.8017162584909406
26766,0.0642000622676932,0.4814551549852474,0.4543447827470595
26767,0.09671210945379186,0.17770247052207702,0.7255854200241311
26768,0.041327127048486116,0.9283325794932679,0.03034029345824591
26769,0.225569800483049,0.14760850697950073,0.6268216925374502
26770,0.10226679853592063,0.12315261524143264,0.7745805862226468
26771,0.15096687204462367,0.7895783470717176,0.05945478088365872
26772,0.603632268683126,0.06176779802532914,0.33459993329154486
26773,0.09417193455223942,0.15248796462931333,0.7533401008184474
26774,0.0708512297159214,0.13863710367975257,0.790511666604326
26775,0.04805354212057986,0.2566706680945233,0.6952757897848968
26776,0.05083162055404666,0.07953629597083955,0.8696320834751139
26777,0.046203335256200614,0.0643593285918203,0.8894373361519791
26778,0.06770846189613436,0.09237669476912022,0.8399148433347453
26779,0.04613548032768973,0.088769670441128,0.8650948492311823
26780,0.06511923914327303,0.09828841511253611,0.836592345744191
26781,0.05690468213080078,0.13040330893809876,0.8126920089311004
26782,0.039624405585294106,0.0661911614763013,0.8941844329384047
26783,0.28188566601311504,0.14190305899857764,0.5762112749883073
26784,0.06650326748795764,0.6290989513998013,0.30439778111224103
26785,0.06443103442035004,0.16342267120781817,0.7721462943718319
26786,0.5323852966985642,0.06412340965060057,0.40349129365083525
26787,0.03859000098487889,0.0609037802548284,0.9005062187602928
26788,0.21611909217509928,0.15299769075297537,0.6308832170719253
26789,0.10027548371121778,0.5216455633647484,0.37807895292403376
26790,0.05824433877277521,0.16963549134631264,0.7721201698809121
26791,0.03576806441347885,0.06568718242999293,0.8985447531565282
26792,0.0689591303879046,0.12163652858464788,0.8094043410274475
26793,0.05276359186478356,0.1481915270682221,0.7990448810669943
26794,0.05317971095916668,0.11632839184608335,0.83049189719475
26795,0.06720175769892245,0.3331485440694318,0.5996496982316457
26796,0.13020579287544953,0.840123798916318,0.029670408208232413
26797,0.06650495961877163,0.38589545998816616,0.5475995803930622
26798,0.580594146218944,0.11486481455618783,0.3045410392248682
26799,0.2636233604513911,0.1253210049501303,0.6110556345984787
26800,0.057303884164469986,0.9087871102737213,0.03390900556180889
26801,0.06785312798250334,0.6527586958440436,0.2793881761734531
26802,0.07484134720060479,0.10157855953000966,0.8235800932693855
26803,0.04602371444517225,0.1823885071247421,0.7715877784300856
26804,0.05350755512223717,0.1737174336590115,0.7727750112187513
26805,0.03683830232189269,0.07435817092421144,0.8888035267538957
26806,0.09086263152220861,0.22292651356955476,0.6862108549082366
26807,0.03285908574593764,0.0648292250427418,0.9023116892113205
26808,0.06135410661849301,0.24793106762773662,0.6907148257537703
26809,0.0778843670161798,0.25871475419906886,0.6634008787847513
26810,0.053273333070648556,0.23696136864637007,0.7097652982829814
26811,0.03587115868792835,0.07057394286245706,0.8935548984496144
26812,0.03413574373576509,0.06774238220866008,0.8981218740555748
26813,0.0649399755823977,0.35778673728092264,0.5772732871366797
26814,0.07925836625747902,0.1273438366430305,0.7933977970994904
26815,0.05744599896416865,0.15982064755696404,0.7827333534788673
26816,0.06830424514066505,0.3500850576768478,0.5816106971824871
26817,0.043266838745593304,0.06130720398948916,0.8954259572649175
26818,0.17848183268546997,0.1050331330597459,0.7164850342547842
26819,0.08178798209215561,0.2391326117396964,0.6790794061681479
26820,0.1305122296734461,0.7767443052422687,0.09274346508428521
26821,0.04584904046195239,0.92473388970763,0.029417069830417607
26822,0.06223949775722551,0.36396959838207243,0.5737909038607021
26823,0.04367297755946935,0.08327579390722199,0.8730512285333086
26824,0.05831945222256945,0.07330209246499868,0.8683784553124319
26825,0.050368178499984206,0.0727877835152523,0.8768440379847634
26826,0.07019128180540239,0.11371806064845329,0.8160906575461444
26827,0.06093978990605137,0.1657582104971534,0.7733019995967951
26828,0.06565716247552988,0.1874631367970358,0.7468797007274344
26829,0.042504516591566066,0.07280753651894273,0.8846879468894913
26830,0.046225956992031275,0.07076457914005017,0.8830094638679187
26831,0.061742213925434636,0.11519617620826005,0.8230616098663053
26832,0.0403043059500578,0.05193167274026304,0.9077640213096793
26833,0.04413971065699198,0.08255915869862317,0.8733011306443847
26834,0.04990244751502046,0.17988095608192198,0.7702165964030576
26835,0.6432066847060943,0.06981816839027592,0.28697514690362974
26836,0.08505084406924547,0.39088689164399065,0.5240622642867638
26837,0.07192402850088464,0.07786655529321516,0.8502094162059002
26838,0.1270299415243108,0.3820013113340411,0.4909687471416481
26839,0.6353144362471963,0.0703894007175265,0.2942961630352773
26840,0.10098949828441227,0.18498990782789632,0.7140205938876913
26841,0.03737142878248061,0.06939458654248506,0.8932339846750343
26842,0.04702122359494818,0.13192316809706375,0.821055608307988
26843,0.05869241163590225,0.11314028810387416,0.8281673002602236
26844,0.0687601066403393,0.6733507476871666,0.25788914567249405
26845,0.5043504868183029,0.0637745294159435,0.43187498376575356
26846,0.04489671216553887,0.08017478112633374,0.8749285067081274
26847,0.06127228318876658,0.15133835047016414,0.7873893663410694
26848,0.10745610818705698,0.09656135985533112,0.7959825319576119
26849,0.29866776528618194,0.09149574725083202,0.609836487462986
26850,0.10272558271598163,0.2851649583971722,0.6121094588868462
26851,0.06987589243887596,0.13531843364777915,0.7948056739133449
26852,0.07278935684896458,0.6983524423151368,0.22885820083589864
26853,0.047850147034148915,0.06592767273923676,0.8862221802266145
26854,0.07039270746104562,0.8966897602158652,0.03291753232308936
26855,0.06549371856723392,0.2046953258143751,0.729810955618391
26856,0.19064817049513344,0.08485605592290908,0.7244957735819575
26857,0.09459739132216069,0.3611515577977412,0.5442510508800981
26858,0.023433433609168348,0.8639323263263384,0.11263424006449316
26859,0.056253902647100604,0.6616235278822868,0.2821225694706126
26860,0.04959053692149863,0.7493935886503161,0.2010158744281853
26861,0.06751980883981086,0.31064505943938614,0.621835131720803
26862,0.06113729266406274,0.13591799186948889,0.8029447154664484
26863,0.04223402490645863,0.08151014055698452,0.8762558345365568
26864,0.05803211000599045,0.3270019793354212,0.6149659106585884
26865,0.052381264571209056,0.10961599064842775,0.8380027447803632
26866,0.05103340519521015,0.12427938995319224,0.8246872048515976
26867,0.0661492588194094,0.10655991747010696,0.8272908237104837
26868,0.04642306670076643,0.07211638786984041,0.881460545429393
26869,0.04265274550959148,0.05130732448370603,0.9060399300067024
26870,0.028878532543684124,0.8148639253104589,0.15625754214585685
26871,0.4703446359081698,0.07118587131540059,0.4584694927764297
26872,0.05846834906576291,0.10990252137785275,0.8316291295563842
26873,0.06726272013280737,0.12796664829651738,0.8047706315706752
26874,0.0743770822946322,0.4809178764924763,0.4447050412128915
26875,0.07490711671647823,0.20561157806028327,0.7194813052232386
26876,0.03702378309268425,0.06706253608489854,0.8959136808224171
26877,0.04966860943358913,0.0657470311588897,0.8845843594075211
26878,0.0690521929941257,0.09756519515734413,0.83338261184853
26879,0.04691406245252679,0.23161283800011573,0.7214730995473574
26880,0.2509566056426146,0.10131408029863889,0.6477293140587465
26881,0.03584826456183831,0.06874229568976252,0.8954094397483991
26882,0.5518488297116207,0.07781303997376808,0.37033813031461116
26883,0.05307108702131343,0.13484054727821088,0.8120883657004756
26884,0.06662868699228532,0.47963612395269445,0.4537351890550203
26885,0.2590124200774479,0.1051654452741983,0.6358221346483538
26886,0.03756398060940082,0.0663731373884286,0.8960628820021707
26887,0.05498765819912238,0.09054929535026451,0.8544630464506131
26888,0.16779318943264843,0.20585975850752872,0.6263470520598229
26889,0.04546816080246865,0.07201362948835019,0.8825182097091812
26890,0.06764855483326222,0.2101508674268296,0.7222005777399081
26891,0.09254478150666967,0.543359514368421,0.3640957041249094
26892,0.10153480641059247,0.16054417854987835,0.7379210150395291
26893,0.07699024526483807,0.12580687016596037,0.7972028845692015
26894,0.057875515522508615,0.11268717161582162,0.8294373128616698
26895,0.08790438426366881,0.3576076817491121,0.5544879339872191
26896,0.061531388471573696,0.1456925703322093,0.792776041196217
26897,0.05358152776712028,0.2610454767202888,0.6853729955125909
26898,0.03957418076959929,0.06904083130324251,0.8913849879271581
26899,0.07161647684755108,0.1853899024355308,0.7429936207169181
26900,0.0549209928743465,0.24910927889287604,0.6959697282327775
26901,0.04141829802299938,0.271943394153502,0.6866383078234987
26902,0.0390177519540239,0.06560067802642403,0.895381570019552
26903,0.06530466621627377,0.10802941864651072,0.8266659151372154
26904,0.621322394175973,0.33773758959242844,0.04094001623159845
26905,0.06774500371862642,0.13530658191128764,0.7969484143700858
26906,0.03614519301111466,0.06818500867752222,0.8956697983113631
26907,0.03431047359954418,0.06226421000495647,0.9034253163954994
26908,0.06456775200696617,0.1861606866731838,0.74927156131985
26909,0.06189381682058212,0.6666017392125068,0.27150444396691115
26910,0.07582437676256747,0.16748163422455994,0.7566939890128725
26911,0.06559896305274521,0.08328051386926162,0.8511205230779931
26912,0.03983489956221808,0.07193944126703958,0.8882256591707421
26913,0.38193418105668053,0.08544900179111552,0.5326168171522039
26914,0.053481913722083996,0.16086422780264722,0.7856538584752687
26915,0.06941699038297762,0.10399534080259869,0.8265876688144238
26916,0.19986482058628102,0.7684576565752029,0.031677522838516076
26917,0.04660073432324643,0.1699508868793525,0.7834483787974011
26918,0.07766524815568308,0.11004323447773476,0.8122915173665821
26919,0.6274430645729151,0.08849487394773478,0.28406206147935004
26920,0.06493058469758965,0.217037450540705,0.7180319647617054
26921,0.04132101461150166,0.6237605232342986,0.33491846215419974
26922,0.09484702086573377,0.5894338004878407,0.31571917864642557
26923,0.03348671122858358,0.06515968868930237,0.9013536000821141
26924,0.061948109625849165,0.11563073580272581,0.8224211545714251
26925,0.034988718348942155,0.06607080199904948,0.8989404796520085
26926,0.09478727901219335,0.1717429981678299,0.7334697228199767
26927,0.09156751190082926,0.3904990903040093,0.5179333977951615
26928,0.02196437060351329,0.9544620942016324,0.02357353519485417
26929,0.04943956065601132,0.07638943936606746,0.8741709999779211
26930,0.04676643110015428,0.7371840909157971,0.2160494779840487
26931,0.1178233829125012,0.8483940249184057,0.03378259216909313
26932,0.06049927314647363,0.6538628629643024,0.2856378638892239
26933,0.47798898747042656,0.11890234916847567,0.4031086633610978
26934,0.07229180000483072,0.09693601225854165,0.8307721877366275
26935,0.04804329173431074,0.07752694200669434,0.8744297662589948
26936,0.04250066013147093,0.06934541410245612,0.8881539257660729
26937,0.08896774553281524,0.1873800903428605,0.7236521641243242
26938,0.16014941041504088,0.7530935873604693,0.08675700222448986
26939,0.5817148405600039,0.3783606922723009,0.039924467167695175
26940,0.11516756921230717,0.17246181329544766,0.7123706174922452
26941,0.0774817459741401,0.18748247817754912,0.7350357758483107
26942,0.0573120078420376,0.09854973522215046,0.8441382569358118
26943,0.05683927385893398,0.362153362307369,0.581007363833697
26944,0.07449494218017913,0.11685432321330838,0.8086507346065125
26945,0.09422462025964042,0.4851239620703268,0.4206514176700328
26946,0.04217390300486046,0.07836213842725662,0.8794639585678828
26947,0.059364140640163876,0.14834311225257102,0.7922927471072653
26948,0.06350306373703185,0.3298480251235704,0.6066489111393977
26949,0.38228135402896213,0.0745418640982846,0.5431767818727532
26950,0.2555944676948481,0.1322469300929814,0.6121586022121704
26951,0.3558844010891005,0.40295288242559674,0.24116271648530269
26952,0.10917797007835389,0.16805429434786054,0.7227677355737856
26953,0.051409683091445876,0.05396322449826633,0.8946270924102877
26954,0.04850258672068576,0.09769431787741838,0.8538030954018959
26955,0.052526896970979384,0.6417028074666375,0.305770295562383
26956,0.14310233504029074,0.17638023956111812,0.6805174253985911
26957,0.7121068976383378,0.08712771160880876,0.20076539075285338
26958,0.2480882776107815,0.14368698333466398,0.6082247390545545
26959,0.0436287041420564,0.16331646138743594,0.7930548344705077
26960,0.06980201156123111,0.11970641453423411,0.8104915739045347
26961,0.036841464002049025,0.07076522408227748,0.8923933119156735
26962,0.07159687436935214,0.6396212450104323,0.28878188062021554
26963,0.3685838933531188,0.11565859052912392,0.5157575161177573
26964,0.10647844342863759,0.18158512511129404,0.7119364314600684
26965,0.065403431209606,0.597672676242341,0.33692389254805305
26966,0.061531388471573696,0.1456925703322093,0.792776041196217
26967,0.05552980212606728,0.07195833956356093,0.8725118583103717
26968,0.06987842834992533,0.14671669064992723,0.7834048810001474
26969,0.037809357129147965,0.07006227834441783,0.8921283645264343
26970,0.057992611081348455,0.10384963707593706,0.8381577518427145
26971,0.0582810989709297,0.3171277537776481,0.6245911472514221
26972,0.11664989726308789,0.3602146751861137,0.5231354275507983
26973,0.07907555139075897,0.1369081900577781,0.784016258551463
26974,0.057124865387401705,0.07455553841387938,0.868319596198719
26975,0.03489195195991439,0.06588790295246712,0.8992201450876185
26976,0.0933760426027709,0.8681492555940233,0.03847470180320572
26977,0.08371343770611896,0.16096587672144927,0.7553206855724318
26978,0.05906955610486549,0.15055528532320905,0.7903751585719255
26979,0.0821056967997587,0.18275166196813758,0.7351426412321037
26980,0.06446668725671698,0.10100518434966155,0.8345281283936214
26981,0.08766678209181063,0.3735027694993375,0.5388304484088519
26982,0.05934156047419419,0.10491990963737761,0.8357385298884281
26983,0.10769767238084534,0.18623934811395937,0.7060629795051953
26984,0.053221664823742604,0.1308898732042045,0.8158884619720529
26985,0.08152173128551465,0.4791667253152446,0.43931154339924067
26986,0.07479982072335499,0.08233684963863679,0.8428633296380083
26987,0.05934769595863497,0.6786690299103588,0.26198327413100625
26988,0.10165148107058809,0.38779722080852125,0.5105512981208907
26989,0.08383731000964982,0.5695100798614379,0.34665261012891235
26990,0.04040534107590872,0.06675147149642369,0.8928431874276674
26991,0.033411590866499016,0.06507855484128801,0.901509854292213
26992,0.09050586059906846,0.6150923306919786,0.294401808708953
26993,0.043354665198116496,0.09260687569036802,0.8640384591115154
26994,0.09632009569405797,0.11660781385332922,0.7870720904526127
26995,0.05590013556107675,0.21581186665112004,0.7282879977878032
26996,0.04414724365468,0.07254026634029202,0.8833124900050279
26997,0.27258313130528417,0.4315716547857239,0.29584521390899193
26998,0.4662945221046057,0.06657041547942397,0.4671350624159703
26999,0.5335851831291409,0.09823201364631662,0.3681828032245425
27000,0.06579414004041989,0.5031918228451616,0.43101403711441855
27001,0.07022590195226457,0.41391763970087886,0.5158564583468566
27002,0.07491237163402047,0.29121377944996407,0.6338738489160155
27003,0.11000848145899682,0.12261167591735048,0.7673798426236527
27004,0.09325119320399015,0.14532324032389182,0.7614255664721181
27005,0.06750955652719678,0.36350805941475195,0.5689823840580513
27006,0.04722490656077978,0.07229570646736747,0.8804793869718528
27007,0.05720823269024846,0.7345439446343285,0.20824782267542308
27008,0.06569149051647073,0.18639814464335544,0.7479103648401738
27009,0.06501165100029573,0.19016840730117504,0.7448199416985293
27010,0.03640348388857318,0.07066586794582577,0.892930648165601
27011,0.10723833154797625,0.6441077092594389,0.24865395919258473
27012,0.043251941841087334,0.0626222441687602,0.8941258139901525
27013,0.2813930743018736,0.09427626977289282,0.6243306559252336
27014,0.09253492631682671,0.4932633833428563,0.41420169034031706
27015,0.07875457338717957,0.5153227520608992,0.40592267455192116
27016,0.046278496207259726,0.07231151602339547,0.8814099877693448
27017,0.05937578068217302,0.08209560692482232,0.8585286123930046
27018,0.09590970957958592,0.10474715747630932,0.7993431329441049
27019,0.07510230152300913,0.19197411877465753,0.7329235797023332
27020,0.04923771454767803,0.32695341403735545,0.6238088714149665
27021,0.06257404547800989,0.3654944303544691,0.5719315241675209
27022,0.032234328928502316,0.06275997805462076,0.9050056930168768
27023,0.1345346291515081,0.425409318658188,0.44005605219030397
27024,0.0921998445976496,0.18691304316064128,0.7208871122417091
27025,0.2696810730660212,0.09684845123136504,0.6334704757026138
27026,0.043040891923479145,0.08344802419050089,0.87351108388602
27027,0.06851390836832591,0.07444892521822738,0.8570371664134466
27028,0.5276062583848468,0.09522893200118046,0.37716480961397264
27029,0.04341032651060434,0.08824840186543599,0.8683412716239596
27030,0.13549166409299648,0.5337145203209342,0.33079381558606924
27031,0.5074210894113368,0.2316703834015579,0.2609085271871054
27032,0.4629253355968318,0.06514631718738492,0.4719283472157833
27033,0.06072439123881381,0.07631212669047777,0.8629634820707085
27034,0.11166798728489265,0.17313002931050855,0.7152019834045987
27035,0.6689396999894911,0.0705667618529528,0.2604935381575561
27036,0.046851596241796,0.06562086796577768,0.8875275357924263
27037,0.23008893492848825,0.29839397179778343,0.47151709327372837
27038,0.03531387160359247,0.06612228166750173,0.8985638467289058
27039,0.34602119354661504,0.10879101573516821,0.5451877907182168
27040,0.06071732193129935,0.08442994517838383,0.8548527328903168
27041,0.03204778323703788,0.06332853313843634,0.9046236836245258
27042,0.20352491146993515,0.7488171549336681,0.04765793359639686
27043,0.050742283116786684,0.07136141284376842,0.8778963040394449
27044,0.03825139972342546,0.06346529613655624,0.8982833041400184
27045,0.07169887406354067,0.09034608602253066,0.8379550399139286
27046,0.07002514340771086,0.10407515124122317,0.825899705351066
27047,0.09571502850872445,0.48513235263829324,0.4191526188529823
27048,0.25878502836259565,0.7072241041023717,0.03399086753503263
27049,0.10177947403210463,0.4704709712896739,0.42774955467822146
27050,0.04915949789795663,0.09749908859753807,0.8533414135045053
27051,0.07684291304283983,0.38579267815427304,0.5373644088028872
27052,0.0483980075432371,0.06474598934401513,0.8868560031127477
27053,0.07251775844992665,0.20755793937501837,0.7199243021750549
27054,0.06406815680520427,0.08118433384729468,0.854747509347501
27055,0.12672447094317704,0.8403029427826055,0.032972586274217446
27056,0.13385185520808598,0.8328101287203241,0.03333801607158996
27057,0.05433549983937802,0.2522235882360235,0.6934409119245984
27058,0.4891547454010179,0.12870179666832973,0.38214345793065235
27059,0.05786666387952544,0.07580131836551705,0.8663320177549576
27060,0.06917102049821577,0.18510973662986266,0.7457192428719216
27061,0.5638219704130694,0.1298618434805991,0.30631618610633154
27062,0.2402280431479012,0.09478431599745851,0.6649876408546403
27063,0.04859927871845086,0.0646571572446251,0.886743564036924
27064,0.04016792446109543,0.06006417345883654,0.899767902080068
27065,0.06822535088446367,0.3439133656333449,0.5878612834821915
27066,0.033565475433579114,0.06247419095568099,0.9039603336107399
27067,0.0669900530035933,0.11532344996077064,0.8176864970356359
27068,0.549956816454274,0.07744069323999717,0.3726024903057289
27069,0.032309055588841305,0.06615926519573864,0.9015316792154201
27070,0.040307599780918045,0.06587004748707793,0.8938223527320039
27071,0.036038875202072176,0.062162010833670844,0.9017991139642569
27072,0.055631248044922726,0.2861452711937699,0.6582234807613073
27073,0.06882801242545292,0.18821119678778214,0.7429607907867648
27074,0.09137061183382496,0.38652424461834733,0.5221051435478278
