index,0,1,2
26457,0.03,0.41,0.56
26458,0.4,0.15,0.45
26459,0.03,0.16,0.81
26460,0.0775,0.09833333333333334,0.8241666666666667
26461,0.1475,0.145,0.7075
26462,0.02,0.075,0.905
26463,0.415,0.545,0.04
26464,0.05,0.013333333333333332,0.9366666666666668
26465,0.08,0.2,0.72
26466,0.02,0.1,0.88
26467,0.03,0.17166666666666663,0.7983333333333335
26468,0.01,0.03,0.96
26469,0.76,0.105,0.135
26470,0.21,0.12,0.67
26471,0.01,0.15666666666666665,0.8333333333333335
26472,0.11,0.44,0.45
26473,0.01,0.01,0.98
26474,0.12488095238095237,0.8651190476190478,0.01
26475,0.4516666666666667,0.24,0.30833333333333335
26476,0.026666666666666665,0.08,0.8933333333333333
26477,0.2568333333333334,0.17,0.5731666666666668
26478,0.085,0.07,0.845
26479,0.03,0.08,0.89
26480,0.056666666666666664,0.08,0.8633333333333333
26481,0.06,0.58,0.36
26482,0.19333333333333336,0.04666666666666666,0.76
26483,0.01,0.02,0.97
26484,0.05,0.22,0.73
26485,0.03,0.02,0.95
26486,0.01,0.18,0.81
26487,0.12,0.255,0.625
26488,0.13,0.85,0.02
26489,0.0,0.26,0.74
26490,0.04,0.42,0.54
26491,0.02,0.02,0.96
26492,0.06,0.48,0.46
26493,0.89,0.11,0.0
26494,0.04,0.09,0.87
26495,0.06,0.09,0.85
26496,0.04333333333333334,0.09666666666666666,0.86
26497,0.07,0.83,0.1
26498,0.07,0.49,0.44
26499,0.0,0.0,1.0
26500,0.05,0.2,0.75
26501,0.09,0.12,0.79
26502,0.01,0.01,0.98
26503,0.21333333333333335,0.20666666666666667,0.58
26504,0.175,0.22,0.605
26505,0.05,0.015,0.935
26506,0.2,0.8,0.0
26507,0.06666666666666667,0.9033333333333333,0.03
26508,0.06,0.32666666666666666,0.6133333333333333
26509,0.09,0.09666666666666668,0.8133333333333332
26510,0.01,0.06,0.93
26511,0.09333333333333332,0.21,0.6966666666666665
26512,0.19333333333333333,0.33,0.4766666666666666
26513,0.01,0.02,0.97
26514,0.1,0.1065,0.7935
26515,0.06,0.025,0.915
26516,0.03,0.6177142857142858,0.35228571428571426
26517,0.29833333333333334,0.7016666666666665,0.0
26518,0.04,0.11,0.85
26519,0.595,0.11,0.295
26520,0.02,0.91,0.07
26521,0.05,0.19,0.76
26522,0.11,0.25,0.64
26523,0.11833333333333332,0.225,0.6566666666666666
26524,0.11,0.20333333333333337,0.6866666666666665
26525,0.28,0.05,0.67
26526,0.03,0.07,0.9
26527,0.065,0.51,0.425
26528,0.08,0.92,0.0
26529,0.05,0.07,0.88
26530,0.04,0.31,0.65
26531,0.0,0.0,1.0
26532,0.63,0.01,0.36
26533,0.043,0.075,0.882
26534,0.05,0.07,0.88
26535,0.02,0.11,0.87
26536,0.17,0.17,0.66
26537,0.08,0.04,0.88
26538,0.05,0.4,0.55
26539,0.06,0.04,0.9
26540,0.02,0.28,0.7
26541,0.01,0.06,0.93
26542,0.1,0.22,0.68
26543,0.07,0.07,0.86
26544,0.14,0.18,0.68
26545,0.04,0.2033333333333333,0.7566666666666666
26546,0.01,0.125,0.865
26547,0.08,0.075,0.845
26548,0.02,0.01,0.97
26549,0.3533333333333333,0.6466666666666666,0.0
26550,0.0375,0.16,0.8025
26551,0.0,0.66,0.34
26552,0.015,0.155,0.83
26553,0.05,0.08,0.87
26554,0.18,0.505,0.315
26555,0.418,0.17,0.41200000000000003
26556,0.02333333333333333,0.24,0.7366666666666667
26557,0.07,0.03,0.9
26558,0.64,0.07666666666666666,0.2833333333333334
26559,0.21,0.04,0.75
26560,0.08,0.14,0.78
26561,0.07,0.30333333333333334,0.6266666666666666
26562,0.13,0.1,0.77
26563,0.01,0.125,0.865
26564,0.02,0.11,0.87
26565,0.0,0.4975,0.5025
26566,0.14,0.06,0.8
26567,0.03,0.01,0.96
26568,0.22,0.77,0.01
26569,0.03,0.08,0.89
26570,0.17,0.14833333333333332,0.6816666666666665
26571,0.04333333333333334,0.1,0.8566666666666666
26572,0.26,0.20916666666666667,0.5308333333333334
26573,0.09333333333333332,0.10666666666666667,0.8
26574,0.18,0.07,0.75
26575,0.1,0.13,0.77
26576,0.1,0.066,0.8340000000000001
26577,0.17666666666666664,0.09833333333333333,0.725
26578,0.11,0.56,0.33
26579,0.21833333333333332,0.7516666666666666,0.03
26580,0.086,0.07,0.8440000000000001
26581,0.07,0.06,0.87
26582,0.0,0.0,1.0
26583,0.06,0.0625,0.8775
26584,0.04,0.29,0.67
26585,0.092,0.68,0.228
26586,0.25,0.63,0.12
26587,0.08333333333333331,0.44316666666666665,0.47350000000000003
26588,0.1,0.095,0.805
26589,0.07,0.0,0.93
26590,0.27,0.05,0.68
26591,0.22,0.78,0.0
26592,0.04,0.1,0.86
26593,0.35,0.48,0.17
26594,0.07,0.06,0.87
26595,0.14,0.18,0.68
26596,0.02,0.105,0.875
26597,0.06,0.53,0.41
26598,0.06,0.051666666666666666,0.8883333333333333
26599,0.12,0.122,0.758
26600,0.0,0.03,0.97
26601,0.01,0.26,0.73
26602,0.11,0.13,0.76
26603,0.07666666666666666,0.08,0.8433333333333334
26604,0.05,0.15333333333333335,0.7966666666666665
26605,0.02,0.09333333333333332,0.8866666666666667
26606,0.185,0.3708333333333333,0.44416666666666665
26607,0.06,0.94,0.0
26608,0.04,0.125,0.835
26609,0.04666666666666666,0.07,0.8833333333333333
26610,0.24,0.75,0.01
26611,0.07,0.28,0.65
26612,0.08,0.62,0.3
26613,0.11,0.19,0.7
26614,0.11,0.425,0.465
26615,0.14,0.26,0.6
26616,0.11466666666666667,0.04,0.8453333333333333
26617,0.3125,0.1125,0.575
26618,0.24,0.07,0.69
26619,0.15,0.19,0.66
26620,0.24,0.75,0.01
26621,0.03,0.07,0.9
26622,0.1,0.135,0.765
26623,0.01,0.58,0.41
26624,0.09,0.23,0.68
26625,0.7266666666666666,0.10666666666666667,0.16666666666666669
26626,0.27,0.1575,0.5725
26627,0.01,0.03,0.96
26628,0.013333333333333332,0.06,0.9266666666666667
26629,0.01,0.02,0.97
26630,0.1,0.05,0.85
26631,0.076,0.09,0.8340000000000001
26632,0.19999999999999996,0.22333333333333336,0.5766666666666667
26633,0.06,0.075,0.865
26634,0.16,0.08333333333333331,0.7566666666666666
26635,0.04,0.1,0.86
26636,0.05,0.4238333333333333,0.5261666666666667
26637,0.01,0.13333333333333333,0.8566666666666667
26638,0.02,0.85,0.13
26639,0.225,0.65,0.125
26640,0.05,0.08,0.87
26641,0.05,0.77,0.18
26642,0.04,0.12,0.84
26643,0.18,0.41,0.41
26644,0.07,0.16,0.77
26645,0.026666666666666665,0.01,0.9633333333333333
26646,0.62,0.068,0.312
26647,0.06,0.1225,0.8175
26648,0.08,0.79,0.13
26649,0.022000000000000002,0.08,0.898
26650,0.17,0.83,0.0
26651,0.2633333333333333,0.6966666666666665,0.04
26652,0.7083333333333333,0.045,0.24666666666666665
26653,0.25,0.08,0.67
26654,0.04,0.6425,0.3175
26655,0.08,0.3666666666666667,0.5533333333333332
26656,0.07025,0.036000000000000004,0.89375
26657,0.14,0.192,0.6679999999999999
26658,0.025,0.21,0.765
26659,0.19,0.13666666666666666,0.6733333333333335
26660,0.135,0.45,0.415
26661,0.05666666666666667,0.2325,0.7108333333333334
26662,0.065,0.575,0.36
26663,0.1,0.41,0.49
26664,0.1,0.15833333333333333,0.7416666666666666
26665,0.15,0.74,0.11
26666,0.02,0.87,0.11
26667,0.035,0.005,0.96
26668,0.04,0.6333333333333333,0.3266666666666667
26669,0.03,0.121,0.8490000000000001
26670,0.08,0.44666666666666666,0.4733333333333334
26671,0.07,0.13,0.8
26672,0.0,0.06,0.94
26673,0.14,0.17,0.69
26674,0.47,0.025,0.505
26675,0.085,0.165,0.75
26676,0.03,0.11,0.86
26677,0.028333333333333332,0.08,0.8916666666666666
26678,0.15,0.11,0.74
26679,0.045,0.09333333333333332,0.8616666666666666
26680,0.05,0.045,0.905
26681,0.08,0.05,0.87
26682,0.05,0.21,0.74
26683,0.03,0.45,0.52
26684,0.07,0.115,0.815
26685,0.21249999999999997,0.11,0.6775000000000001
26686,0.05,0.1,0.85
26687,0.27,0.06,0.67
26688,0.1,0.87,0.03
26689,0.075,0.21333333333333332,0.7116666666666666
26690,0.0,0.02,0.98
26691,0.1,0.03,0.87
26692,0.02,0.18,0.8
26693,0.35,0.06,0.59
26694,0.81,0.19,0.0
26695,0.14916666666666667,0.05,0.8008333333333334
26696,0.013333333333333332,0.030666666666666665,0.956
26697,0.04,0.02,0.94
26698,0.035,0.1,0.865
26699,0.2,0.24,0.56
26700,0.02,0.68,0.3
26701,0.14,0.54,0.32
26702,0.16,0.45399999999999996,0.386
26703,0.08,0.13666666666666666,0.7833333333333334
26704,0.02,0.06,0.92
26705,0.04,0.08333333333333331,0.8766666666666667
26706,0.14,0.19333333333333336,0.6666666666666667
26707,0.725,0.01,0.265
26708,0.0725,0.07,0.8575
26709,0.01,0.0325,0.9575
26710,0.41,0.43,0.16
26711,0.12,0.13666666666666666,0.7433333333333333
26712,0.03,0.01,0.96
26713,0.2016666666666667,0.4483333333333333,0.35
26714,0.09,0.17,0.74
26715,0.01,0.65,0.34
26716,0.03,0.87,0.1
26717,0.09,0.41,0.5
26718,0.09,0.13699999999999998,0.773
26719,0.14,0.16666666666666663,0.6933333333333335
26720,0.2592857142857142,0.11,0.6307142857142856
26721,0.03,0.16,0.81
26722,0.44,0.13,0.43
26723,0.12,0.10166666666666668,0.7783333333333334
26724,0.05,0.7,0.25
26725,0.03,0.07,0.9
26726,0.06,0.86,0.08
26727,0.065,0.03833333333333334,0.8966666666666666
26728,0.06,0.46333333333333326,0.47666666666666674
26729,0.47,0.16666666666666663,0.36333333333333334
26730,0.005,0.305,0.69
26731,0.01,0.065,0.925
26732,0.19,0.8,0.01
26733,0.08,0.098,0.8220000000000001
26734,0.02,0.4,0.58
26735,0.1122857142857143,0.20921428571428574,0.6785
26736,0.06333333333333332,0.5366666666666666,0.4
26737,0.0,0.09,0.91
26738,0.02,0.05,0.93
26739,0.19666666666666666,0.15,0.6533333333333334
26740,0.09,0.06,0.85
26741,0.34,0.65,0.01
26742,0.08,0.04,0.88
26743,0.26,0.04,0.7
26744,0.41666666666666674,0.18,0.40333333333333327
26745,0.0,0.01,0.99
26746,0.56,0.14,0.3
26747,0.12,0.45,0.43
26748,0.4733333333333333,0.22,0.30666666666666664
26749,0.05,0.27,0.68
26750,0.02,0.06,0.92
26751,0.09,0.205,0.705
26752,0.08,0.72,0.2
26753,0.12166666666666667,0.1025,0.7758333333333333
26754,0.06,0.02,0.92
26755,0.08,0.14,0.78
26756,0.21,0.03,0.76
26757,0.04,0.11,0.85
26758,0.04,0.5418095238095237,0.4181904761904762
26759,0.01,0.35,0.64
26760,0.45,0.24666666666666667,0.30333333333333334
26761,0.07,0.12,0.81
26762,0.05,0.06,0.89
26763,0.11,0.16666666666666663,0.7233333333333334
26764,0.03,0.09,0.88
26765,0.05166666666666666,0.05333333333333333,0.8950000000000001
26766,0.0,0.39,0.61
26767,0.04,0.14,0.82
26768,0.06,0.93,0.01
26769,0.06,0.17,0.77
26770,0.12,0.33,0.55
26771,0.08,0.92,0.0
26772,0.72,0.1,0.18
26773,0.155,0.28850000000000003,0.5565
26774,0.07,0.17,0.76
26775,0.0,0.09,0.91
26776,0.09,0.05,0.86
26777,0.06166666666666666,0.09,0.8483333333333334
26778,0.04,0.16,0.8
26779,0.065,0.05,0.885
26780,0.03,0.21,0.76
26781,0.02,0.06,0.92
26782,0.03,0.08,0.89
26783,0.16,0.0575,0.7825
26784,0.08666666666666666,0.5,0.4133333333333333
26785,0.02,0.135,0.845
26786,0.47666666666666674,0.102,0.4213333333333333
26787,0.0,0.0,1.0
26788,0.1,0.55,0.35
26789,0.2,0.26333333333333336,0.5366666666666667
26790,0.04,0.54,0.42
26791,0.05,0.06,0.89
26792,0.18333333333333335,0.18,0.6366666666666666
26793,0.03,0.3210476190476191,0.648952380952381
26794,0.02,0.03,0.95
26795,0.01,0.4905000000000001,0.4994999999999999
26796,0.2,0.79,0.01
26797,0.08833333333333332,0.24749999999999997,0.6641666666666666
26798,0.36,0.23,0.41
26799,0.02,0.04,0.94
26800,0.06,0.93,0.01
26801,0.02,0.77,0.21
26802,0.08333333333333331,0.09,0.8266666666666665
26803,0.08,0.07,0.85
26804,0.03,0.02,0.95
26805,0.05,0.055,0.895
26806,0.04,0.36,0.6
26807,0.01,0.035,0.955
26808,0.03,0.21,0.76
26809,0.07,0.13,0.8
26810,0.04,0.45,0.51
26811,0.01,0.07,0.92
26812,0.05,0.09,0.86
26813,0.07,0.46333333333333326,0.46666666666666673
26814,0.12166666666666666,0.07,0.8083333333333332
26815,0.16,0.15,0.69
26816,0.03,0.43,0.54
26817,0.14,0.05,0.81
26818,0.09,0.23,0.68
26819,0.01,0.05333333333333333,0.9366666666666668
26820,0.2175,0.7825,0.0
26821,0.16,0.81,0.03
26822,0.13,0.2,0.67
26823,0.10333333333333333,0.13,0.7666666666666666
26824,0.07,0.125,0.805
26825,0.05,0.08,0.87
26826,0.09,0.18,0.73
26827,0.04333333333333334,0.3,0.6566666666666666
26828,0.09,0.18,0.73
26829,0.04333333333333333,0.08,0.8766666666666666
26830,0.1,0.08,0.82
26831,0.105,0.03,0.865
26832,0.01,0.09,0.9
26833,0.01,0.06,0.93
26834,0.01,0.21,0.78
26835,0.83,0.085,0.085
26836,0.1656666666666667,0.5743333333333334,0.26
26837,0.1,0.09,0.81
26838,0.02,0.79,0.19
26839,0.42,0.145,0.435
26840,0.32,0.24,0.44
26841,0.06,0.03,0.91
26842,0.01,0.06,0.93
26843,0.07,0.11,0.82
26844,0.03,0.89,0.08
26845,0.605,0.085,0.31
26846,0.02,0.01,0.97
26847,0.025,0.2816666666666667,0.6933333333333335
26848,0.17,0.06,0.77
26849,0.07,0.15,0.78
26850,0.11,0.21,0.68
26851,0.1,0.16,0.74
26852,0.06,0.595,0.345
26853,0.0,0.05,0.95
26854,0.11166666666666666,0.8083333333333335,0.08
26855,0.0375,0.12666666666666665,0.8358333333333333
26856,0.1,0.11,0.79
26857,0.13,0.39,0.48
26858,0.02,0.75,0.23
26859,0.04,0.33,0.63
26860,0.01,0.88,0.11
26861,0.14,0.3433333333333334,0.5166666666666666
26862,0.1,0.195,0.705
26863,0.01,0.02,0.97
26864,0.03,0.57,0.4
26865,0.07,0.26,0.67
26866,0.0,0.05,0.95
26867,0.16,0.13,0.71
26868,0.025,0.04,0.935
26869,0.01,0.0,0.99
26870,0.04,0.7733333333333333,0.18666666666666665
26871,0.21,0.14,0.65
26872,0.02,0.0825,0.8975
26873,0.05,0.065,0.885
26874,0.07,0.3,0.63
26875,0.0,0.68,0.32
26876,0.02,0.095,0.885
26877,0.02,0.16,0.82
26878,0.18600000000000003,0.2366666666666667,0.5773333333333334
26879,0.04,0.11,0.85
26880,0.62,0.03,0.35
26881,0.06,0.3,0.64
26882,0.22,0.02,0.76
26883,0.12,0.12,0.76
26884,0.05,0.6066666666666667,0.3433333333333334
26885,0.68,0.01,0.31
26886,0.07,0.04,0.89
26887,0.06,0.07,0.87
26888,0.39,0.15333333333333335,0.4566666666666667
26889,0.065,0.13,0.805
26890,0.06,0.285,0.655
26891,0.13,0.3025,0.5675
26892,0.06,0.23600000000000002,0.7040000000000001
26893,0.11,0.16,0.73
26894,0.06,0.07,0.87
26895,0.05,0.26,0.69
26896,0.14666666666666667,0.095,0.7583333333333333
26897,0.03,0.2825,0.6875
26898,0.02,0.08,0.9
26899,0.145,0.21,0.645
26900,0.035,0.11,0.855
26901,0.09,0.5333333333333333,0.3766666666666667
26902,0.03,0.0,0.97
26903,0.07,0.12,0.81
26904,0.17,0.73,0.1
26905,0.13666666666666666,0.23,0.6333333333333333
26906,0.04,0.01,0.95
26907,0.03,0.05,0.92
26908,0.0,0.07,0.93
26909,0.06,0.62,0.32
26910,0.05,0.29,0.66
26911,0.08,0.11,0.81
26912,0.04,0.08,0.88
26913,0.08,0.0,0.92
26914,0.04,0.165,0.795
26915,0.04,0.185,0.775
26916,0.26,0.73,0.01
26917,0.01,0.02,0.97
26918,0.07,0.1425,0.7875
26919,0.17,0.65,0.18
26920,0.04,0.09,0.87
26921,0.0,0.5483452380952383,0.45165476190476184
26922,0.14,0.32666666666666666,0.5333333333333333
26923,0.09,0.06,0.85
26924,0.13,0.03833333333333334,0.8316666666666666
26925,0.04,0.06,0.9
26926,0.12916666666666665,0.3908333333333333,0.48
26927,0.025,0.235,0.74
26928,0.11,0.89,0.0
26929,0.08,0.255,0.665
26930,0.01,0.85,0.14
26931,0.37392857142857144,0.6060714285714286,0.02
26932,0.07,0.55,0.38
26933,0.61,0.13,0.26
26934,0.128,0.155,0.7170000000000001
26935,0.08,0.04,0.88
26936,0.02,0.03,0.95
26937,0.15,0.205,0.645
26938,0.365,0.625,0.01
26939,0.195,0.805,0.0
26940,0.16,0.17,0.67
26941,0.05333333333333333,0.04,0.9066666666666667
26942,0.05,0.21600000000000003,0.7340000000000001
26943,0.0,0.75,0.25
26944,0.05266666666666667,0.06,0.8873333333333332
26945,0.04583333333333334,0.82,0.13416666666666666
26946,0.0,0.02,0.98
26947,0.05,0.21,0.74
26948,0.14333333333333334,0.15,0.7066666666666667
26949,0.17,0.01,0.82
26950,0.0,0.01,0.99
26951,0.845,0.145,0.01
26952,0.1575,0.15666666666666668,0.6858333333333334
26953,0.0,0.06,0.94
26954,0.06,0.1,0.84
26955,0.075,0.545,0.38
26956,0.04,0.24,0.72
26957,0.2075,0.233,0.5595
26958,0.68,0.068,0.252
26959,0.18,0.14,0.68
26960,0.045,0.075,0.88
26961,0.01,0.06,0.93
26962,0.0125,0.75,0.2375
26963,0.35,0.06,0.59
26964,0.06,0.1825,0.7575
26965,0.0275,0.55,0.4225
26966,0.14666666666666667,0.095,0.7583333333333333
26967,0.10666666666666666,0.13,0.7633333333333333
26968,0.05,0.275,0.675
26969,0.08,0.05,0.87
26970,0.13333333333333333,0.11,0.7566666666666666
26971,0.01,0.1,0.89
26972,0.2,0.66,0.14
26973,0.1,0.11,0.79
26974,0.10666666666666666,0.013333333333333332,0.88
26975,0.045,0.05,0.905
26976,0.25416666666666665,0.7258333333333334,0.02
26977,0.16,0.18,0.66
26978,0.06,0.59,0.35
26979,0.15,0.28,0.57
26980,0.0975,0.175,0.7275
26981,0.02,0.6,0.38
26982,0.06,0.17,0.77
26983,0.13,0.12,0.75
26984,0.04,0.26,0.7
26985,0.21333333333333332,0.3733333333333333,0.41333333333333333
26986,0.05,0.01,0.94
26987,0.04,0.78,0.18
26988,0.04,0.82,0.14
26989,0.19,0.2657142857142857,0.5442857142857143
26990,0.03,0.02,0.95
26991,0.01,0.13,0.86
26992,0.15,0.31766666666666665,0.5323333333333333
26993,0.03,0.12,0.85
26994,0.23,0.16333333333333336,0.6066666666666667
26995,0.03166666666666666,0.2375,0.7308333333333333
26996,0.04,0.105,0.855
26997,0.11833333333333336,0.755,0.12666666666666665
26998,0.14,0.0,0.86
26999,0.29,0.1225,0.5875
27000,0.02,0.37,0.61
27001,0.02,0.55,0.43
27002,0.12,0.54,0.34
27003,0.15,0.16,0.69
27004,0.12666666666666665,0.13,0.7433333333333334
27005,0.11,0.57,0.32
27006,0.06,0.07,0.87
27007,0.1,0.51,0.39
27008,0.14,0.27,0.59
27009,0.05,0.61,0.34
27010,0.03,0.3425,0.6275
27011,0.23666666666666664,0.56,0.20333333333333337
27012,0.1,0.09333333333333332,0.8066666666666665
27013,0.14,0.195,0.665
27014,0.02,0.69,0.29
27015,0.1716666666666667,0.285,0.5433333333333333
27016,0.035,0.042,0.9229999999999999
27017,0.10166666666666668,0.23,0.6683333333333334
27018,0.23666666666666664,0.11,0.6533333333333333
27019,0.105,0.3025,0.5925
27020,0.021666666666666664,0.6,0.3783333333333333
27021,0.02,0.08,0.9
27022,0.04,0.09316666666666666,0.8668333333333332
27023,0.24,0.33,0.43
27024,0.04,0.12,0.84
27025,0.2,0.04,0.76
27026,0.01,0.1,0.89
27027,0.03,0.02,0.95
27028,0.21666666666666665,0.23333333333333336,0.55
27029,0.03,0.15666666666666668,0.8133333333333332
27030,0.025,0.41604761904761905,0.5589523809523809
27031,0.77,0.11,0.12
27032,0.325,0.09,0.585
27033,0.165,0.12666666666666665,0.7083333333333335
27034,0.18,0.16583333333333336,0.6541666666666667
27035,0.75,0.115,0.135
27036,0.06,0.05,0.89
27037,0.125,0.19,0.685
27038,0.03,0.07,0.9
27039,0.04,0.05,0.91
27040,0.2,0.06,0.74
27041,0.01,0.01,0.98
27042,0.3493333333333334,0.6406666666666666,0.01
27043,0.055,0.03,0.915
27044,0.02,0.01,0.97
27045,0.05266666666666667,0.29733333333333334,0.65
27046,0.13,0.2725,0.5975
27047,0.13,0.42,0.45
27048,0.57,0.43,0.0
27049,0.08,0.6433333333333333,0.27666666666666667
27050,0.05,0.07,0.88
27051,0.01,0.11,0.88
27052,0.05,0.13,0.82
27053,0.04,0.12,0.84
27054,0.23,0.14,0.63
27055,0.10470238095238095,0.895297619047619,0.0
27056,0.27,0.72,0.01
27057,0.01,0.1,0.89
27058,0.52,0.29,0.19
27059,0.15,0.13,0.72
27060,0.05,0.385,0.565
27061,0.66,0.06666666666666667,0.2733333333333333
27062,0.10066666666666668,0.11,0.7893333333333336
27063,0.1,0.1125,0.7875
27064,0.04,0.08,0.88
27065,0.22,0.29333333333333333,0.48666666666666664
27066,0.05666666666666667,0.095,0.8483333333333334
27067,0.23,0.09,0.68
27068,0.64,0.02,0.34
27069,0.0,0.04,0.96
27070,0.01,0.04,0.95
27071,0.06,0.1,0.84
27072,0.05,0.16,0.79
27073,0.02,0.11666666666666668,0.8633333333333334
27074,0.04,0.59,0.37
27075,0.15466666666666665,0.13866666666666666,0.7066666666666667
27076,0.175,0.05,0.775
27077,0.04,0.12666666666666665,0.8333333333333333
27078,0.04,0.02,0.94
27079,0.0,0.1465,0.8534999999999999
27080,0.03,0.68,0.29
27081,0.11,0.03,0.86
27082,0.052000000000000005,0.04,0.9079999999999999
27083,0.14,0.12,0.74
27084,0.032,0.2,0.768
27085,0.07,0.02,0.91
27086,0.3675,0.14,0.4925
27087,0.06,0.30333333333333334,0.6366666666666666
27088,0.01,0.09,0.9
27089,0.10333333333333332,0.06,0.8366666666666666
27090,0.07,0.12,0.81
27091,0.21,0.67,0.12
27092,0.285,0.685,0.03
27093,0.105,0.41333333333333333,0.48166666666666663
27094,0.28,0.01,0.71
27095,0.04,0.03,0.93
27096,0.19,0.71,0.1
27097,0.14,0.43,0.43
27098,0.07,0.29,0.64
27099,0.01,0.01,0.98
27100,0.04,0.09,0.87
27101,0.06,0.3,0.64
27102,0.01,0.2765,0.7134999999999999
27103,0.0,0.07,0.93
27104,0.19,0.06,0.75
27105,0.09,0.03,0.88
27106,0.065,0.19699999999999998,0.738
27107,0.08166666666666668,0.08,0.8383333333333334
27108,0.01,0.09,0.9
27109,0.14,0.24,0.62
27110,0.09333333333333332,0.10333333333333333,0.8033333333333332
27111,0.006666666666666666,0.14583333333333334,0.8475
27112,0.91,0.0,0.09
27113,0.04,0.12,0.84
27114,0.26,0.11,0.63
27115,0.235,0.59,0.175
27116,0.105,0.365,0.53
27117,0.15,0.82,0.03
27118,0.045,0.05916666666666666,0.8958333333333335
27119,0.04333333333333333,0.75,0.20666666666666667
27120,0.16,0.83,0.01
27121,0.22666666666666666,0.7633333333333334,0.01
27122,0.08,0.12,0.8
27123,0.1362857142857143,0.13,0.7337142857142857
27124,0.14,0.22149999999999997,0.6385000000000001
27125,0.12,0.17666666666666667,0.7033333333333335
27126,0.06,0.18,0.76
27127,0.34759523809523807,0.075,0.577404761904762
27128,0.045,0.185,0.77
27129,0.02,0.03,0.95
27130,0.01,0.03,0.96
27131,0.605,0.07,0.325
27132,0.05,0.12,0.83
27133,0.08,0.10333333333333333,0.8166666666666665
27134,0.0,0.5116666666666666,0.48833333333333334
27135,0.15,0.83,0.02
27136,0.045,0.1075,0.8475
27137,0.01,0.04,0.95
27138,0.6425,0.19,0.1675
27139,0.08,0.17333333333333337,0.7466666666666667
27140,0.62,0.02,0.36
27141,0.12,0.27416666666666667,0.6058333333333333
27142,0.7375,0.04,0.2225
27143,0.145,0.175,0.68
27144,0.07,0.0,0.93
27145,0.78,0.05,0.17
27146,0.03,0.03,0.94
27147,0.06,0.17,0.77
27148,0.07,0.1,0.83
27149,0.065,0.39,0.545
27150,0.02,0.1,0.88
27151,0.0825,0.13,0.7875
27152,0.11,0.14,0.75
27153,0.0,0.03,0.97
27154,0.02,0.69,0.29
27155,0.07,0.15,0.78
27156,0.344,0.15,0.506
27157,0.095,0.07,0.835
27158,0.025,0.05,0.925
27159,0.055,0.065,0.88
27160,0.01,0.03,0.96
27161,0.62,0.06,0.32
27162,0.0255,0.066,0.9085
27163,0.03,0.03,0.94
27164,0.03,0.12333333333333332,0.8466666666666667
27165,0.01,0.06,0.93
27166,0.05,0.13666666666666666,0.8133333333333335
27167,0.06333333333333332,0.24,0.6966666666666665
27168,0.21666666666666665,0.37666666666666665,0.4066666666666666
27169,0.0,0.01,0.99
27170,0.27,0.03,0.7
27171,0.08,0.45416666666666666,0.4658333333333334
27172,0.0,0.0,1.0
27173,0.01,0.1,0.89
27174,0.0,0.5083333333333333,0.49166666666666664
27175,0.105,0.05,0.845
27176,0.07,0.26,0.67
27177,0.12,0.19,0.69
27178,0.03,0.11,0.86
27179,0.05,0.06,0.89
27180,0.06,0.04,0.9
27181,0.25,0.05,0.7
27182,0.04,0.085,0.875
27183,0.03,0.04,0.93
27184,0.08,0.05,0.87
27185,0.01933333333333333,0.07,0.9106666666666667
27186,0.01,0.10933333333333334,0.8806666666666666
27187,0.02,0.16,0.82
27188,0.05666666666666667,0.04,0.9033333333333334
27189,0.03,0.05,0.92
27190,0.4053333333333334,0.0,0.5946666666666666
27191,0.5441666666666667,0.4358333333333333,0.02
27192,0.07,0.01,0.92
27193,0.08166666666666668,0.04,0.8783333333333334
27194,0.125,0.1,0.775
27195,0.01,0.03,0.96
27196,0.04,0.04,0.92
27197,0.19,0.09,0.72
27198,0.01,0.0,0.99
27199,0.07,0.04,0.89
27200,0.03,0.8,0.17
27201,0.09,0.0875,0.8225
27202,0.0,0.16,0.84
27203,0.01,0.04,0.95
27204,0.32333333333333336,0.26,0.41666666666666674
27205,0.1,0.04,0.86
27206,0.04,0.125,0.835
27207,0.21,0.13,0.66
27208,0.09,0.15,0.76
27209,0.09333333333333334,0.08666666666666666,0.82
27210,0.05,0.1,0.85
27211,0.02,0.4,0.58
27212,0.01,0.03,0.96
27213,0.08,0.03,0.89
27214,0.08066666666666666,0.1793333333333333,0.74
27215,0.13166666666666665,0.21,0.6583333333333333
27216,0.01,0.03,0.96
27217,0.61,0.09,0.3
27218,0.1005,0.31,0.5895
27219,0.16,0.19,0.65
27220,0.07,0.38,0.55
27221,0.5866666666666667,0.14,0.2733333333333334
27222,0.3825,0.6175,0.0
27223,0.05,0.2,0.75
27224,0.16,0.52,0.32
27225,0.01,0.02,0.97
27226,0.8,0.18,0.02
27227,0.14,0.86,0.0
27228,0.01,0.63,0.36
27229,0.05,0.14,0.81
27230,0.2797142857142857,0.08,0.6402857142857142
27231,0.0,0.035,0.965
27232,0.04,0.34,0.62
27233,0.29,0.46,0.25
27234,0.04,0.0565,0.9035
27235,0.11,0.17916666666666667,0.7108333333333333
27236,0.15,0.21,0.64
27237,0.11,0.47,0.42
27238,0.03,0.69,0.28
27239,0.01,0.37383333333333335,0.6161666666666669
27240,0.17,0.79,0.04
27241,0.32,0.32,0.36
27242,0.02,0.05,0.93
27243,0.09,0.135,0.775
27244,0.14,0.1,0.76
27245,0.03,0.03,0.94
27246,0.04,0.08,0.88
27247,0.22,0.14,0.64
27248,0.056666666666666664,0.54,0.40333333333333327
27249,0.0,0.03,0.97
27250,0.05,0.22,0.73
27251,0.09,0.19333333333333333,0.7166666666666667
27252,0.135,0.2275,0.6375
27253,0.25,0.37,0.38
27254,0.055,0.24,0.705
27255,0.01,0.09,0.9
27256,0.15,0.22,0.63
27257,0.745,0.085,0.17
27258,0.13,0.25,0.62
27259,0.19333333333333333,0.31,0.49666666666666665
27260,0.25333333333333335,0.04,0.7066666666666666
27261,0.12,0.22,0.66
27262,0.05,0.6920000000000001,0.25799999999999995
27263,0.21,0.47700000000000004,0.313
27264,0.04,0.24,0.72
27265,0.02,0.0,0.98
27266,0.09,0.08166666666666667,0.8283333333333333
27267,0.21,0.66,0.13
27268,0.01,0.07,0.92
27269,0.09,0.11333333333333334,0.7966666666666665
27270,0.07,0.08,0.85
27271,0.06,0.06,0.88
27272,0.095,0.11,0.795
27273,0.1,0.23,0.67
27274,0.07,0.04,0.89
27275,0.02,0.09,0.89
27276,0.135,0.13,0.735
27277,0.1,0.05,0.85
27278,0.05,0.08,0.87
27279,0.1325,0.1525,0.715
27280,0.0,0.68,0.32
27281,0.72,0.06,0.22
27282,0.0,0.03,0.97
27283,0.07285714285714286,0.9271428571428573,0.0
27284,0.0925,0.8775,0.03
27285,0.2833333333333333,0.12,0.5966666666666667
27286,0.08,0.34,0.58
27287,0.085,0.67,0.245
27288,0.05,0.13,0.82
27289,0.05,0.35,0.6
27290,0.1,0.28,0.62
27291,0.1,0.14,0.76
27292,0.01,0.61,0.38
27293,0.155,0.18,0.665
27294,0.07,0.12,0.81
27295,0.02,0.05,0.93
27296,0.06,0.285,0.655
27297,0.36,0.07,0.57
27298,0.02,0.28,0.7
27299,0.045,0.15,0.805
27300,0.52,0.09,0.39
27301,0.06,0.14,0.8
27302,0.08,0.76,0.16
27303,0.0,0.03,0.97
27304,0.01,0.03,0.96
27305,0.0475,0.14666666666666667,0.8058333333333334
27306,0.025,0.01,0.965
27307,0.01,0.02,0.97
27308,0.05,0.04,0.91
27309,0.07,0.02,0.91
27310,0.06,0.1,0.84
27311,0.04,0.04,0.92
27312,0.045,0.12,0.835
27313,0.03,0.0245,0.9455
27314,0.06,0.17,0.77
27315,0.04,0.0,0.96
27316,0.01,0.03,0.96
27317,0.14,0.85,0.01
27318,0.02,0.8533333333333333,0.12666666666666665
27319,0.03333333333333333,0.14,0.8266666666666665
27320,0.1758333333333333,0.07,0.7541666666666665
27321,0.0,0.09,0.91
27322,0.07,0.12,0.81
27323,0.15,0.23,0.62
27324,0.14,0.15,0.71
27325,0.0425,0.53,0.4275
27326,0.08,0.14,0.78
27327,0.19666666666666666,0.7933333333333334,0.01
27328,0.04,0.7833333333333334,0.17666666666666667
27329,0.005,0.05,0.945
27330,0.02,0.8,0.18
27331,0.3,0.035,0.665
27332,0.055,0.0575,0.8875
27333,0.27,0.01,0.72
27334,0.026666666666666665,0.03,0.9433333333333335
27335,0.035,0.12,0.845
27336,0.39,0.01,0.6
27337,0.62,0.0975,0.2825
27338,0.21714285714285717,0.7328571428571429,0.05
27339,0.24,0.17,0.59
27340,0.05,0.05,0.9
27341,0.04,0.05,0.91
27342,0.03,0.18,0.79
27343,0.0,0.03,0.97
27344,0.035,0.04,0.925
27345,0.18,0.1,0.72
27346,0.20714285714285716,0.09,0.7028571428571427
27347,0.18583333333333332,0.23,0.5841666666666668
27348,0.06,0.05,0.89
27349,0.01,0.2,0.79
27350,0.04333333333333333,0.17,0.7866666666666667
27351,0.09666666666666668,0.12,0.7833333333333334
27352,0.27,0.015,0.715
27353,0.16833333333333333,0.17333333333333337,0.6583333333333333
27354,0.12,0.35,0.53
27355,0.01,0.01,0.98
27356,0.05,0.07,0.88
27357,0.09,0.41,0.5
27358,0.0,0.05,0.95
27359,0.01,0.78,0.21
27360,0.06,0.09,0.85
27361,0.07,0.93,0.0
27362,0.22333333333333333,0.42666666666666664,0.35
27363,0.09,0.08,0.83
27364,0.0,0.84,0.16
27365,0.432547619047619,0.0,0.567452380952381
27366,0.16,0.26,0.58
27367,0.05,0.08,0.87
27368,0.32,0.62,0.06
27369,0.185,0.805,0.01
27370,0.2556666666666667,0.7343333333333333,0.01
27371,0.79,0.01,0.2
27372,0.11,0.04,0.85
27373,0.14,0.54,0.32
27374,0.12,0.19666666666666666,0.6833333333333335
27375,0.14333333333333334,0.2833333333333333,0.5733333333333333
27376,0.3366666666666667,0.17,0.4933333333333333
27377,0.08,0.4003333333333333,0.5196666666666667
27378,0.18,0.6,0.22
27379,0.07,0.07,0.86
27380,0.47471428571428576,0.37528571428571433,0.15
27381,0.01,0.5263809523809524,0.4636190476190476
27382,0.21666666666666667,0.4133333333333333,0.37
27383,0.03,0.05,0.92
27384,0.06333333333333332,0.17600000000000002,0.7606666666666666
27385,0.76,0.06,0.18
27386,0.18,0.265,0.555
27387,0.09,0.3,0.61
27388,0.01,0.06,0.93
27389,0.12,0.11,0.77
27390,0.526,0.165,0.30899999999999994
27391,0.28,0.07,0.65
27392,0.035,0.03,0.935
27393,0.04,0.19,0.77
27394,0.12,0.29,0.59
27395,0.02,0.03,0.95
27396,0.03,0.04,0.93
27397,0.01,0.94,0.05
27398,0.125,0.13,0.745
27399,0.01,0.77,0.22
27400,0.01,0.22,0.77
27401,0.16,0.02,0.82
27402,0.01,0.79,0.2
27403,0.11,0.14,0.75
27404,0.3833333333333333,0.6166666666666667,0.0
27405,0.16,0.3275,0.5125
27406,0.3286666666666666,0.5066666666666666,0.16466666666666666
27407,0.08,0.09,0.83
27408,0.07,0.13333333333333333,0.7966666666666665
27409,0.12292857142857143,0.8370714285714286,0.04
27410,0.01,0.01,0.98
27411,0.04,0.01,0.95
27412,0.13,0.42,0.45
27413,0.254,0.17416666666666664,0.5718333333333334
27414,0.0,0.88,0.12
27415,0.94,0.04,0.02
27416,0.06,0.145,0.795
27417,0.16,0.2,0.64
27418,0.02,0.7,0.28
27419,0.01,0.97,0.02
27420,0.065,0.125,0.81
27421,0.03,0.01,0.96
27422,0.05,0.07,0.88
27423,0.06666666666666667,0.13,0.8033333333333332
27424,0.7,0.08,0.22
27425,0.4733333333333334,0.03,0.49666666666666665
27426,0.08,0.06,0.86
27427,0.15,0.82,0.03
27428,0.0,0.17166666666666663,0.8283333333333335
27429,0.11666666666666668,0.16333333333333336,0.72
27430,0.05,0.03,0.92
27431,0.74,0.0,0.26
27432,0.13,0.34,0.53
27433,0.22,0.32,0.46
27434,0.05,0.08,0.87
27435,0.02,0.26,0.72
27436,0.06,0.179,0.7609999999999999
27437,0.15,0.1,0.75
27438,0.095,0.08333333333333331,0.8216666666666665
27439,0.02,0.1,0.88
27440,0.07,0.24,0.69
27441,0.87,0.08,0.05
27442,0.06,0.1,0.84
27443,0.11,0.29,0.6
27444,0.13,0.03,0.84
27445,0.06,0.53,0.41
27446,0.1,0.22,0.68
27447,0.01,0.2053333333333334,0.7846666666666665
27448,0.11166666666666668,0.03,0.8583333333333334
27449,0.05,0.09,0.86
27450,0.04,0.95,0.01
27451,0.0,0.01,0.99
27452,0.013333333333333332,0.02,0.9666666666666666
27453,0.09,0.531,0.379
27454,0.13,0.22,0.65
27455,0.12866666666666668,0.15466666666666667,0.7166666666666666
27456,0.01,0.54,0.45
27457,0.04,0.14666666666666667,0.8133333333333335
27458,0.1,0.06,0.84
27459,0.0875,0.34,0.5725
27460,0.02,0.21,0.77
27461,0.03,0.095,0.875
27462,0.08,0.08,0.84
27463,0.685,0.035,0.28
27464,0.105,0.17,0.725
27465,0.18,0.11,0.71
27466,0.12333333333333332,0.33,0.5466666666666666
27467,0.01,0.02,0.97
27468,0.01,0.01,0.98
27469,0.04,0.08,0.88
27470,0.11,0.04,0.85
27471,0.06,0.04,0.9
27472,0.03,0.14,0.83
27473,0.01,0.07,0.92
27474,0.59,0.13,0.28
27475,0.06,0.42,0.52
27476,0.08,0.13,0.79
27477,0.10333333333333332,0.46199999999999997,0.4346666666666667
27478,0.035833333333333335,0.08,0.8841666666666665
27479,0.65,0.11333333333333334,0.2366666666666667
27480,0.33,0.34,0.33
27481,0.125,0.20833333333333331,0.6666666666666665
27482,0.05,0.05,0.9
27483,0.025,0.2766666666666666,0.6983333333333333
27484,0.10166666666666666,0.18,0.7183333333333333
27485,0.14833333333333334,0.24,0.6116666666666667
27486,0.01,0.12,0.87
27487,0.175,0.08516666666666665,0.7398333333333333
27488,0.06,0.21,0.73
27489,0.02,0.01,0.97
27490,0.05,0.149,0.8009999999999999
27491,0.19266666666666665,0.7573333333333333,0.05
27492,0.07,0.13,0.8
27493,0.01,0.09,0.9
27494,0.08,0.1,0.82
27495,0.06,0.3225,0.6174999999999999
27496,0.04,0.69,0.27
27497,0.0,0.56,0.44
27498,0.78,0.09,0.13
27499,0.11,0.18,0.71
27500,0.02,0.04333333333333333,0.9366666666666665
27501,0.02,0.08,0.9
27502,0.0,0.95,0.05
27503,0.04,0.17,0.79
27504,0.01,0.83,0.16
27505,0.2,0.04,0.76
27506,0.665,0.075,0.26
27507,0.05,0.13333333333333333,0.8166666666666665
27508,0.1,0.08,0.82
27509,0.04,0.16,0.8
27510,0.56,0.065,0.375
27511,0.07,0.0,0.93
27512,0.0,0.05,0.95
27513,0.29,0.71,0.0
27514,0.045,0.06,0.895
27515,0.04,0.06,0.9
27516,0.1,0.2,0.7
27517,0.27,0.05,0.68
27518,0.06,0.09,0.85
27519,0.03,0.0325,0.9375
27520,0.03,0.265,0.705
27521,0.14595238095238094,0.8340476190476189,0.02
27522,0.26,0.73,0.01
27523,0.255,0.715,0.03
27524,0.08,0.28,0.64
27525,0.06933333333333333,0.19333333333333333,0.7373333333333334
27526,0.06166666666666666,0.18833333333333335,0.75
27527,0.612,0.078,0.31
27528,0.06,0.127,0.813
27529,0.026666666666666665,0.4425,0.5308333333333334
27530,0.08333333333333331,0.19666666666666668,0.72
27531,0.06,0.18,0.76
27532,0.02,0.03,0.95
27533,0.04,0.19333333333333336,0.7666666666666666
27534,0.254,0.6516666666666666,0.09433333333333334
27535,0.58,0.22,0.2
27536,0.04,0.08,0.88
27537,0.12,0.18,0.7
27538,0.08,0.6,0.32
27539,0.5233333333333333,0.09,0.3866666666666667
27540,0.06333333333333334,0.07,0.8666666666666666
27541,0.10333333333333333,0.45,0.4466666666666667
27542,0.025,0.64,0.335
27543,0.37771428571428567,0.0,0.6222857142857141
27544,0.02,0.02,0.96
27545,0.13,0.19,0.68
27546,0.16,0.13,0.71
27547,0.5575,0.4425,0.0
27548,0.13,0.41333333333333333,0.45666666666666667
27549,0.09,0.3608333333333333,0.5491666666666667
27550,0.09666666666666668,0.04,0.8633333333333334
27551,0.06,0.15,0.79
27552,0.03,0.025,0.945
27553,0.13,0.1,0.77
27554,0.01,0.91,0.08
27555,0.045,0.12,0.835
27556,0.0,0.36,0.64
27557,0.03,0.11,0.86
27558,0.14,0.11916666666666668,0.7408333333333335
27559,0.06,0.18,0.76
27560,0.04,0.235,0.725
27561,0.01,0.02,0.97
27562,0.115,0.295,0.59
27563,0.01,0.3280119047619047,0.6619880952380952
27564,0.08,0.1,0.82
27565,0.02,0.03,0.95
27566,0.03,0.02,0.95
27567,0.353,0.07,0.577
27568,0.35,0.48,0.17
27569,0.05,0.19,0.76
27570,0.05,0.14,0.81
27571,0.63,0.36,0.01
27572,0.29,0.165,0.545
27573,0.75,0.13,0.12
27574,0.07,0.25,0.68
27575,0.04,0.5396666666666666,0.42033333333333334
27576,0.04,0.73,0.23
27577,0.05666666666666667,0.6733333333333333,0.27
27578,0.03,0.18,0.79
27579,0.055,0.25,0.695
27580,0.0,0.27,0.73
27581,0.53,0.02333333333333333,0.4466666666666667
27582,0.16,0.225,0.615
27583,0.19,0.08,0.73
27584,0.105,0.19,0.705
27585,0.02,0.02,0.96
27586,0.09,0.01,0.9
27587,0.03,0.67,0.3
27588,0.06,0.54,0.4
27589,0.05,0.23,0.72
27590,0.09,0.13,0.78
27591,0.198,0.07,0.732
27592,0.01,0.03,0.96
27593,0.05,0.2,0.75
27594,0.0,0.77,0.23
27595,0.15666666666666665,0.19,0.6533333333333334
27596,0.11,0.045,0.845
27597,0.085,0.31,0.605
27598,0.06,0.11,0.83
27599,0.09,0.39,0.52
27600,0.0475,0.14,0.8125
27601,0.64,0.07,0.29
27602,0.12833333333333333,0.26999999999999996,0.6016666666666667
27603,0.045,0.1825,0.7725
27604,0.13,0.06,0.81
27605,0.11,0.36,0.53
27606,0.07,0.06166666666666666,0.8683333333333333
27607,0.48,0.07,0.45
27608,0.01,0.06,0.93
27609,0.03,0.19,0.78
27610,0.03,0.155,0.815
27611,0.19,0.81,0.0
27612,0.04,0.59,0.37
27613,0.08,0.12,0.8
27614,0.665,0.05,0.285
27615,0.026666666666666665,0.07333333333333333,0.9
27616,0.41,0.59,0.0
27617,0.055,0.74,0.205
27618,0.01,0.06,0.93
27619,0.04,0.04,0.92
27620,0.56,0.15,0.29
27621,0.05,0.82,0.13
27622,0.09,0.9,0.01
27623,0.09,0.115,0.795
27624,0.17333333333333337,0.29333333333333333,0.5333333333333333
27625,0.03,0.16,0.81
27626,0.2425,0.11,0.6475
27627,0.02,0.56,0.42
27628,0.13,0.83,0.04
27629,0.07,0.022333333333333334,0.9076666666666666
27630,0.07,0.13,0.8
27631,0.7275,0.01,0.2625
27632,0.06,0.1416666666666667,0.7983333333333335
27633,0.17,0.15,0.68
27634,0.22766666666666666,0.13,0.6423333333333333
27635,0.12666666666666668,0.11166666666666666,0.7616666666666667
27636,0.12,0.24,0.64
27637,0.1,0.02,0.88
27638,0.23,0.06333333333333332,0.7066666666666666
27639,0.48833333333333334,0.11666666666666665,0.395
27640,0.16,0.16166666666666665,0.6783333333333332
27641,0.05,0.62,0.33
27642,0.06,0.15333333333333335,0.7866666666666666
27643,0.02,0.3758333333333333,0.6041666666666666
27644,0.02,0.44166666666666665,0.5383333333333333
27645,0.01,0.87,0.12
27646,0.11,0.23,0.66
27647,0.755,0.07,0.175
27648,0.04,0.13,0.83
27649,0.08,0.04,0.88
27650,0.10666666666666666,0.59,0.30333333333333334
27651,0.056666666666666664,0.07333333333333333,0.87
27652,0.605,0.07,0.325
27653,0.052000000000000005,0.078,0.87
27654,0.05,0.08,0.87
27655,0.11,0.01,0.88
27656,0.04,0.05,0.91
27657,0.16,0.43,0.41
27658,0.1,0.13333333333333333,0.7666666666666667
27659,0.0,0.06333333333333334,0.9366666666666665
27660,0.21,0.24,0.55
27661,0.0,0.01,0.99
27662,0.03,0.04,0.93
27663,0.17333333333333337,0.17,0.6566666666666666
27664,0.14,0.16166666666666668,0.6983333333333335
27665,0.53,0.04,0.43
27666,0.09,0.0475,0.8625
27667,0.0,0.02,0.98
27668,0.13,0.155,0.715
27669,0.12833333333333333,0.24,0.6316666666666666
27670,0.03,0.24050000000000002,0.7295
27671,0.1,0.21,0.69
27672,0.3466666666666666,0.03,0.6233333333333334
27673,0.013333333333333332,0.0675,0.9191666666666666
27674,0.035,0.01,0.955
27675,0.14,0.08,0.78
27676,0.0,0.99,0.01
27677,0.05,0.01,0.94
27678,0.06,0.01,0.93
27679,0.10333333333333333,0.55,0.3466666666666666
27680,0.405,0.565,0.03
27681,0.06333333333333332,0.2926666666666667,0.644
27682,0.2025,0.06,0.7375
27683,0.02,0.78,0.2
27684,0.48,0.05,0.47
27685,0.1175,0.1625,0.72
27686,0.06,0.1375,0.8025
27687,0.035,0.4975,0.4675
27688,0.0625,0.2878333333333333,0.6496666666666667
27689,0.02,0.63,0.35
27690,0.13,0.39,0.48
27691,0.02,0.05,0.93
27692,0.0925,0.1975,0.71
27693,0.1,0.16,0.74
27694,0.02,0.1,0.88
27695,0.11,0.14,0.75
27696,0.07,0.35,0.58
27697,0.0975,0.155,0.7475
27698,0.04,0.17,0.79
27699,0.025,0.83,0.145
27700,0.39,0.57,0.04
27701,0.07,0.6,0.33
27702,0.04,0.09,0.87
27703,0.05,0.48547619047619045,0.46452380952380956
27704,0.0,0.24,0.76
27705,0.03,0.024333333333333332,0.9456666666666667
27706,0.015,0.05333333333333333,0.9316666666666665
27707,0.095,0.24,0.665
27708,0.0,0.04,0.96
27709,0.18,0.68,0.14
27710,0.1,0.16,0.74
27711,0.1,0.1,0.8
27712,0.09428571428571429,0.1457142857142857,0.76
27713,0.06,0.04,0.9
27714,0.035,0.25,0.715
27715,0.77,0.05,0.18
27716,0.04,0.19,0.77
27717,0.01,0.11,0.88
27718,0.11,0.11,0.78
27719,0.09,0.1,0.81
27720,0.7,0.02,0.28
27721,0.1,0.52,0.38
27722,0.02,0.11333333333333334,0.8666666666666667
27723,0.05,0.04,0.91
27724,0.235,0.495,0.27
27725,0.07,0.055999999999999994,0.8740000000000001
27726,0.43,0.056666666666666664,0.5133333333333333
27727,0.06,0.18666666666666665,0.7533333333333334
27728,0.0,0.03,0.97
27729,0.32,0.05,0.63
27730,0.14,0.07266666666666667,0.7873333333333333
27731,0.145,0.04,0.815
27732,0.075,0.07,0.855
27733,0.14,0.12,0.74
27734,0.065,0.045,0.89
27735,0.02,0.21,0.77
27736,0.1425,0.8575,0.0
27737,0.09,0.13,0.78
27738,0.0575,0.09,0.8525
27739,0.06,0.12,0.82
27740,0.02,0.11,0.87
27741,0.11,0.125,0.765
27742,0.06,0.94,0.0
27743,0.094,0.094,0.812
27744,0.08,0.24,0.68
27745,0.02,0.76,0.22
27746,0.48,0.24,0.28
27747,0.05,0.065,0.885
27748,0.02,0.0,0.98
27749,0.17,0.19,0.64
27750,0.01,0.01,0.98
27751,0.02,0.03,0.95
27752,0.04,0.04,0.92
27753,0.01,0.94,0.05
27754,0.1,0.28,0.62
27755,0.23,0.25,0.52
27756,0.06,0.14,0.8
27757,0.11,0.89,0.0
27758,0.07,0.91,0.02
27759,0.13,0.66,0.21
27760,0.04,0.04,0.92
27761,0.0,0.67,0.33
27762,0.20000000000000004,0.63,0.17
27763,0.18,0.13,0.69
27764,0.05,0.13,0.82
27765,0.05,0.0,0.95
27766,0.11,0.3835,0.5065
27767,0.07,0.63,0.3
27768,0.01,0.11,0.88
27769,0.105,0.215,0.68
27770,0.06,0.15833333333333333,0.7816666666666667
27771,0.43,0.08,0.49
27772,0.1,0.195,0.705
27773,0.08333333333333334,0.38666666666666666,0.5299999999999999
27774,0.07,0.325,0.605
27775,0.25966666666666666,0.7003333333333331,0.04
27776,0.02,0.1,0.88
27777,0.02,0.49866666666666665,0.48133333333333334
27778,0.29,0.67,0.04
27779,0.105,0.22,0.675
27780,0.7,0.16,0.14
27781,0.025,0.09,0.885
27782,0.73,0.02375,0.24625
27783,0.06,0.38,0.56
27784,0.08,0.2,0.72
27785,0.068,0.2645,0.6675
27786,0.12,0.17166666666666663,0.7083333333333335
27787,0.12,0.08483333333333334,0.7951666666666667
27788,0.03,0.96,0.01
27789,0.02,0.14,0.84
27790,0.03,0.04,0.93
27791,0.125,0.16,0.715
27792,0.22733333333333333,0.13,0.6426666666666666
27793,0.01,0.02,0.97
27794,0.0,0.02,0.98
27795,0.21,0.26,0.53
27796,0.0925,0.03,0.8775
27797,0.89,0.01,0.1
27798,0.035,0.05,0.915
27799,0.13449999999999998,0.8655000000000002,0.0
27800,0.0,0.0,1.0
27801,0.105,0.07,0.825
27802,0.04,0.03,0.93
27803,0.01,0.09,0.9
27804,0.05,0.12,0.83
27805,0.235,0.745,0.02
27806,0.01,0.135,0.855
27807,0.105,0.205,0.69
27808,0.0425,0.25,0.7075
27809,0.03,0.18,0.79
27810,0.03,0.05,0.92
27811,0.08,0.03,0.89
27812,0.22,0.73,0.05
27813,0.17666666666666664,0.12,0.7033333333333333
27814,0.04,0.87,0.09
27815,0.0,0.99,0.01
27816,0.56,0.14,0.3
27817,0.55,0.04,0.41
27818,0.24,0.01,0.75
27819,0.13,0.25,0.62
27820,0.05,0.184,0.7659999999999999
27821,0.0,0.018333333333333333,0.9816666666666667
27822,0.07,0.08,0.85
27823,0.04,0.01,0.95
27824,0.63,0.05,0.32
27825,0.03,0.06,0.91
27826,0.19333333333333333,0.7566666666666666,0.05
27827,0.2,0.79,0.01
27828,0.04,0.12,0.84
27829,0.615,0.09,0.295
27830,0.33399999999999996,0.09,0.5760000000000001
27831,0.01,0.84,0.15
27832,0.71,0.03,0.26
27833,0.06,0.0425,0.8975
27834,0.1225,0.1225,0.755
27835,0.03,0.04,0.93
27836,0.12,0.2,0.68
27837,0.67,0.07,0.26
27838,0.0325,0.04,0.9275
27839,0.08,0.03833333333333334,0.8816666666666666
27840,0.12,0.124,0.7559999999999999
27841,0.08,0.42716666666666664,0.4928333333333334
27842,0.03,0.14,0.83
27843,0.06,0.1,0.84
27844,0.065,0.39,0.545
27845,0.11,0.61,0.28
27846,0.1,0.51,0.39
27847,0.02,0.29,0.69
27848,0.02,0.02,0.96
27849,0.17,0.15,0.68
27850,0.05,0.75,0.2
27851,0.084,0.33,0.586
27852,0.12,0.2833333333333333,0.5966666666666667
27853,0.11,0.12,0.77
27854,0.05,0.19,0.76
27855,0.61,0.09,0.3
27856,0.11,0.05,0.84
27857,0.09,0.03,0.88
